29.704970279027197 196.21238060633104
38.31228305502237 243.83655090804928
7.291541467836449 202.53714097578538
41.20520230810747 223.63540560487934
0.2949985382824205 155.41692524202884
76.01268005356553 269.1893425737736
67.72443736778524 104.72087343212232
3.27578586123749 142.29989210778226
61.978602844336564 73.03957422866279
47.772512199776344 252.6278529185072
21.619678627665785 81.1647376343736
8.605581709773757 24.049193210880578
20.422892392306213 -1842.6535377949892
59.168383720858465 91.5371759928107
95.73077718143543 251.51288817298314
33.98666341749698 67.69834618075234
37.99404804518176 211.61585506280213
97.14208256692115 153.44046517895055
32.581899382438465 217.86069450085762
32.53572620768627 222.58494598839803
84.1790715223275 94.72638383360098
46.09945190751791 65.89440120413518
62.02423804528656 73.69506339063473
78.02451562035296 103.70091119502933
77.31987733092252 99.41750160782004
95.46503963372315 252.99728689100152
19.97640141308622 209.53019757826522
8.101423719499268 48.06644782922359
90.35324383304226 91.67452418389784
21.60407969549517 78.81577151869183
57.67740862236146 240.58876626787787
6.3520656048637765 137.81752331919313
10.005883676390138 211.7818413731053
54.78818107611275 215.06745519149106
75.65977581242656 232.0120885781643
79.82178664683117 237.85708662561925
25.66376953246403 227.325463008123
80.02460433538971 243.99242612851197
95.405713983 259.3026363948645
40.057751416769904 58.86311700165134
35.28054471893374 244.79225780039633
65.66661332569427 125.88933545886661
30.159078709566987 69.45983108897394
42.08395629549716 217.38464408092682
46.26845219221656 62.32159587926245
90.1126263016555 91.59569206520943
4.732294421800276 -151.97508892663228
71.40019189890646 78.79416768138738
37.4667818214946 118.68915295954935
68.14367712263923 78.43281919926523
94.22513481163011 192.87197750505953
40.39847312707522 88.09072902548147
65.70796733565999 132.82076199136844
20.076076977636646 199.10330150942335
67.55028267088589 -665.6173262418133
61.28271954728336 -75.38018101473996
44.61311408400695 249.56834738718015
55.87201576563372 75.4020707570307
69.79270884460287 268.01625843737276
18.52403826458491 84.86785447775995
61.795854368715986 77.17470752433422
68.02575108230882 84.10128806410151
77.76975541275152 84.17192927625382
17.88521926586669 37.957244071572106
1.684431878021686 30.13333343262835
95.08096648136883 282.1943741789913
86.34842689340564 292.24525927127377
98.2227793938936 283.7867883008442
5.252503807891995 21.217612849359952
80.49349188970496 98.57797975549354
80.4966625909785 98.32418297554648
20.86998726312682 49.45395109659325
52.03637594731867 94.16965235215278
96.27313630552568 101.5435637459967
29.60326776207468 198.62424846130742
97.99315157209266 280.44298391366686
36.38361484506707 79.39007548639827
42.39589223836602 469.23636170009024
29.545114954559494 203.99774978919464
13.39430147017403 221.41015084374598
78.19056109440737 126.50261576042854
16.31535957870698 222.03531753721728
79.10459249521112 268.04589010404675
28.231832359134202 145.24563478839627
25.112168134429535 146.2990098074265
77.15644151056696 110.1822591098735
98.19188512913016 284.3881279759054
38.23981745995747 239.24207597315691
90.55245901323671 106.30293699775052
69.1985906034884 198.44160102089228
97.86776214481317 271.05508032641876
55.61982759583191 69.38064384405253
68.04942929115538 82.66896938253578
27.612229487732122 54.19124836357932
49.777712002458564 89.20704795096127
22.401779587189896 212.36031723046386
91.82587704896402 281.1772400432401
97.30063121286202 182.1573158405469
10.127488031115718 216.8943799907223
53.57286446128043 202.81089631116674
67.94180989791394 90.11199340594432
38.07029945235345 221.9911037856842
90.26027816858515 89.37186640671585
34.103393016601714 81.34233011044681
14.32897749383104 60.11194909583134
32.50262110580407 225.78352685453194
86.45189961011391 77.64956987753762
61.93337187783211 73.07827984626545
3.2073950933230844 129.96681721893927
29.919797440835538 55.57523363837476
73.65716473199907 226.50972583675346
8.286460823022345 33.796387142222635
52.848589373408814 83.34777021665796
66.25624134809806 229.60379499300245
42.7175391629339 80.5476202924442
41.8123881730476 242.85231497371075
45.72736619433322 90.05582745189997
59.1272097522469 87.07814397664528
70.39583925104004 232.53284796316666
98.18468452598489 284.4822751998205
74.92971472364293 107.63571827385826
54.464996435732125 245.21314783772547
73.332483286438 255.42121021982754
75.06793914947363 127.70818399084412
95.9110035645291 108.61138861621819
22.346866316057344 205.5885763922377
43.10223706682423 59.92352830140509
54.93154379279762 271.33331185123166
76.59264810606278 245.2633590298163
42.200245132049204 207.01668836364786
28.616125820464532 209.98011252042494
36.3440604586296 81.70173848915256
8.798040974943566 33.99838455202206
32.94780770109155 273.84636036911354
38.05200322056314 219.6350182172521
71.82730554013837 111.0432742237585
64.03315065562167 237.0284345230147
92.90738281870823 117.04352453780672
1.3996836998345086 152.51907201948435
46.3336969132513 63.43372092049646
39.611594639452704 75.18456052162338
12.270414915952976 81.67307550987773
0.5126317970339023 182.33981439972078
31.506026783987473 172.55854220638477
40.10949427016152 60.902139325750404
91.3259285984823 234.07104390972296
46.89055599002292 125.78040816004363
99.55235698084421 95.89942187442479
97.42544624682765 205.3477484810414
22.360649085877192 207.36482570350023
21.246634744641224 43.06371153512956
98.31246679254546 280.2866681889001
6.786102513143344 200.40158456573562
84.3595547336889 113.57344291277079
59.99059431222099 228.20662521029664
69.83516458787933 268.9247518062283
96.84092916296431 110.10731151401689
37.29678655986609 91.1774037779711
4.001715977043007 203.89579527289834
50.13463455329818 146.5396566287404
67.23531210061213 232.55649512699486
4.952365913430423 42.336984490535286
58.3925578778799 94.19688299325068
55.995262542516485 86.00755687178147
32.050944252343896 239.5720628877528
98.32167481973963 279.7860703041627
19.62600706665132 229.86814617365687
39.05462516045386 204.79076209717095
41.97679713374094 228.68283579188835
40.11261229531782 61.05397961427866
33.34201987036718 68.86069154032558
96.56456725307308 92.88823827165356
31.389817077057614 151.18552265568275
56.927472524935474 236.68881096426904
68.48449878118473 86.78336775944629
87.64875235237793 137.00842296595837
65.35086411799786 85.51959195523098
5.323971025016139 18.591106546937162
73.22042518355383 264.28263579576776
49.82060220907763 94.75822384781424
10.688878292450287 183.0220887042792
32.71810371480422 203.7607742450177
47.10846492330475 165.77791770009347
76.91365494504359 268.9213286969175
95.03080741900042 283.0041237077651
20.842650078534664 51.42454768318439
96.51877055843396 92.50263508509305
50.28020198228812 173.62715242931142
99.69530608982654 94.31883855744553
60.70207480064514 253.17737738728295
97.03116276023655 135.19519633138242
67.0785861942924 248.89839318058742
38.38216504301 246.57412888670214
76.03705149538345 270.3186626849126
64.65433479804574 99.72718491726438
25.18257969931168 159.34056889997987
57.983548303809364 218.2211000644642
81.96374363748659 238.6718043735166
15.375477223689504 79.92757951535172
78.94936999855577 253.75954846311174
81.37867831576247 135.73702070434626
44.55032897222424 246.0665441982304
83.86396355097878 87.08966489691609
21.45575418383364 59.42692518893257
88.49466932320111 270.6633298597865
55.70502210217184 69.02235965025679
96.22783004488397 104.86535411772927
16.680754288437438 218.95698591121402
66.29326102700021 234.91952057454102
87.22378414661866 90.52446219722475
27.76063239014127 68.24281125243962
90.21237056474257 89.32249329991996
22.001841591400463 148.88201164562972
28.47910194015546 189.45515889716017
9.530315744821493 150.04607924363322
94.47038093482723 236.15928047095613
48.36831393834802 221.93561881137848
89.18888526986225 248.97594228531176
97.5281527422495 223.75210773683233
28.233663235518392 145.58783618425525
80.086015777948 378.16468430888295
83.96225753799986 85.90816293661754
80.85889798452696 84.5792738069225
75.08096046200457 129.80668657448808
55.11065074196391 94.51429893799877
23.32138774878578 192.40231654846878
75.21377040703395 152.7002443139662
81.48759938941477 154.56564675542307
41.04576238401096 200.2034776316219
92.5481244895662 239.04151833694317
42.64162397817609 85.97130590439754
66.7453594082436 267.2882209418216
5.717115920862826 33.78915071027185
20.603438922163576 67.7931200150774
76.53611525130628 251.19370336941682
92.21958748212283 262.21392090585493
93.32564629308233 91.28847895611655
42.37799431749308 301.31526611870675
52.976785392238504 98.94443448118017
44.06713559052993 181.86961793153688
5.599581052703961 23.869711703654342
26.52410644835549 192.28171437527828
42.18607731208759 207.9190803679444
52.790225088502396 77.81845487209569
63.02465861700932 213.5179163208237
69.07263578997372 175.24034686165953
11.343665119795421 45.395535657822144
67.89117193947118 94.20759900278959
92.40306594383696 243.18725178872475
52.930257920857585 92.77101550442615
48.75997902167515 62.720721909456785
60.04390847957585 235.53527903362306
1.0025757447488903 185.98910416080298
95.8753190362158 80.76335907849854
76.716012162788 232.73958426383462
38.19404592357139 235.44947311641508
10.12992080678805 216.9445611807047
94.99860611739493 283.0742237116348
62.97824444443062 205.66737603644867
49.63304245647168 74.32609203588707
93.45799536092292 92.049749418465
67.98761578831558 86.67102603584668
80.06108890633715 280.302218131043
13.274661627994966 221.60837914553295
80.41940856644729 104.64117546375148
55.033233789286385 55.07589604533956
90.47607610474232 99.18151515483396
20.668604396424016 65.01254684889153
54.00474019348255 254.60550955513912
62.44108630030626 110.81014687698075
3.071844494529574 104.57109840556663
49.36854746621121 64.62981814904299
13.857946448272784 184.7964928971974
42.95485345998359 63.68156406889297
69.079473648076 176.51588684923456
88.26227468410566 244.3201495310471
22.65727946241163 231.7258664439063
4.496662883684877 163.5299289210646
12.35496580817249 96.31081683074036
38.51331908341306 247.15939960495774
68.47348773393605 85.90844098688049
14.779350454803208 33.24160500848901
24.63806433398791 67.44696510353705
79.61459741398255 259.11280759625595
54.2495165785495 258.09336169794915
11.970010223351524 41.56652141303823
17.159036390374226 185.60261457418233
9.86760916891477 199.9854375386975
69.25358379837994 208.17383308666365
96.12373715542982 113.30296412634908
77.28053560347765 102.65133713081221
34.73424420359156 190.39375087310813
30.03321357257569 77.13485419967873
52.01339221363027 94.55755121413819
70.35192004839176 237.06561638172747
59.341460487071 115.18152229603247
67.3129428805479 225.4378355451484
5.030974294612445 36.590996051657456
14.869395594131063 32.99880539621271
90.78296828011113 137.477324379801
84.68845884312283 167.0811610924531
20.054679987435332 201.37869296339744
81.06152275801406 94.93918872936686
53.1077387324312 118.960621106052
65.84753598057581 157.78899153843795
96.71249357043088 98.98212878278233
32.815750311200986 197.9728117419399
32.44602593759207 230.75882410263065
28.374213533246582 171.4386114674744
36.94206782019462 57.23889557478514
86.76568498289666 102.90122375112333
60.073118192101205 239.24369451998294
37.74822741535673 170.4661558873051
60.757777293139625 248.49816843421286
60.11238475999925 243.86107650302517
82.71161599541946 264.7344575685581
55.42027089709951 78.731310064152
14.700015268610944 35.594418510892076
30.927521940987823 74.18825589742741
31.028205291377752 87.94216496449282
81.26557848610551 118.32456561423808
58.441495197052305 90.32386172079045
39.30635278905991 0.03206155989845172
49.41742561447062 64.64649573798302
2.805155331475584 56.837950897979695
33.26255768654116 75.2484108100838
17.33935793355952 29.419732277411896
21.39790984166009 53.51354365834002
66.55812087128494 261.94936134018195
13.815328653635161 189.0782247011479
28.29111877930739 156.28869026881142
6.7419163118359045 196.17453673565183
69.68762494263355 263.095017557491
68.47471768805349 86.00423621932087
79.98957409271952 233.3958823355537
82.92712686595416 243.31570596466304
13.157942964110237 217.0461410838557
43.79107763683481 130.9340006241221
13.149053098238749 216.50752438658563
4.675842957924958 245.97436998835573
33.866673813466974 57.95155478862273
28.170179402480134 133.73503843076273
40.65945825209853 130.3166072056602
86.18136506073766 234.9581119138643
90.62080244705079 114.14308918711714
69.74189919028674 266.10883393168444
31.52858402873334 176.58308404926606
10.441478398455251 207.19474171540784
3.656479179834915 194.4899003253336
73.0529227033324 270.85282199294124
27.138218328295626 56.94239714611636
33.630291117492476 52.763736890496766
25.059572393772157 136.46806609966967
14.560974591528952 43.81575262065874
66.35259679473864 242.73837138744165
6.808785418668939 202.33257130181354
28.94984295534838 238.2176106511809
37.259651698233796 85.94637239915792
96.87912490896228 114.38373298390415
31.782175000245296 216.0423035488508
2.8542981544356194 64.97768903839908
23.65749498674076 60.54815647281983
35.89891922351016 203.16871752379433
61.962413064522934 72.97538099269005
17.59303932157351 56.459415536177204
53.449480532318816 180.91098883661692
13.928845927950517 179.20955705856807
71.9012928698418 121.92824215281411
41.9349257945019 232.81244645489136
76.28425936317602 270.2479610384748
26.38422448998796 203.0090133278103
66.85874448233771 264.7052382404094
67.63589560619275 92.59438553929056
23.132753213076374 211.4230940292234
62.79081789134386 171.62534695472777
76.32198447102579 268.4607710967573
73.10489942537107 269.77129665004935
30.147012819651852 70.43220842684515
30.141553006428612 70.8665210462965
21.081986500311146 40.40991524693433
44.58649867301921 248.2472046319566
42.114806077914515 214.20055084084368
30.255626471712006 61.67846997603307
0.06619618502872182 114.70172763518983
45.65012336859965 80.01853686461699
6.831837361963933 204.12433135182332
48.69841642703977 -1190.2567779629553
96.63476260666252 94.856948403954
55.627583324627835 69.2499252493864
98.34197867360828 278.5942014162525
68.18211859465535 77.45360467736808
51.60163844277707 215.4800238891712
94.03809416023326 158.43921788156456
20.1608199802206 190.62915550979244
12.75728717998007 169.5355357164131
20.710719675489663 61.95612812682086
8.81896585176234 35.81553668912469
11.730142041272762 28.71383943986845
65.29183259353886 81.1363718693469
13.33325425749382 222.12292966011432
58.67689383494136 74.09069891929008
82.70014053540577 265.6595613883575
58.11454080894107 1173.6939229257302
86.33663323622552 271.61799310643846
6.5183235352304525 166.4795132535646
7.181855493933586 209.1491508524702
69.37891231712968 228.67533889792804
6.340022868405304 135.61132421542732
21.890300749579993 128.05875435781974
89.09386761907338 258.9786115792657
59.83982036365719 204.20892828711112
2.6518330651305932 34.693910029137825
90.03821452464979 95.20368580735193
70.7685388602388 90.11619302582083
76.52100671631543 252.72155172954626
75.82942230806111 254.40773205084363
56.19300925108225 112.04612194762318
56.23379465354519 118.53376050941927
76.60510445346209 243.93163163753943
77.28819827714807 102.02599104169343
65.10709633686137 74.95167491194206
89.26895956801214 240.8398423813349
5.1876225930395865 24.805230110981473
98.68104967474326 246.89872468344942
64.6855306378425 97.46097796476914
45.387676371856486 208.0708564206619
32.28605674605451 240.35757295440897
84.15555372245137 93.00873500020596
99.17221369746684 121.1671439355538
20.34551073982007 206.31651043133817
2.4739991067810996 16.991356889138
57.44105814903844 258.423091773319
44.2749049579961 216.1789210505793
93.79733673409 120.28077192869321
46.272909055986865 62.35184439927152
82.84456913642798 252.0960382521922
59.6387087405856 167.65479568585386
45.79119226219562 87.86849016727896
39.744027982433 65.14460037246808
52.58034117607434 67.10376176746125
32.05590175441384 239.78485203848805
78.73101800867921 222.5957681693451
73.0394697141731 270.9850534774576
19.746067831121007 226.88537614581787
20.46475719733465 5.766997531075276
61.02682450948218 221.7341908739557
58.29869370324413 98.78473473481033
85.88791988805565 263.4619366299455
50.4748161469061 207.87625584055846
55.35054398464882 84.08688916992851
21.80620981367618 112.58415615644763
96.7884211826334 104.93358736566786
76.95605637648943 556.7336275821042
39.550420268611816 80.10599118383884
74.98004750418994 114.43742857254814
14.221281679576647 44.47353336550626
92.82556392634265 118.00599706110697
12.790977332854602 175.0474212303086
65.05169043897112 75.33164762569997
20.908394621304794 46.93683098094412
59.54022804188466 149.37960183685374
2.7439432397879493 47.3488491063368
49.17717803725464 71.6873306034757
18.22759330625947 47.42503340475566
62.634519799207645 142.80694825432522
52.42455555210036 68.66432835956388
30.2959279763525 58.729990551276
69.68158521435988 262.6982043142927
13.774553467622885 193.38131392902568
44.70665383250662 252.27411302959683
17.08726030678811 182.44815266673803
17.95743396048489 36.70639579704458
15.364251153030006 78.14068596376882
92.54633207106845 238.82582905352064
28.99905955583939 239.2662489577054
35.54149718584113 236.9560643976358
65.16603514354271 75.66946997969615
93.36134600190928 90.92008201898035
91.78182558408827 280.2191265799806
11.217344352859005 54.61392661767809
64.56942167453803 102.71064899765152
47.980881413373844 253.26413007567783
83.26108979999388 -392.1144470913334
81.26593017471585 118.37445959835614
89.29596123079061 238.516484843221
86.03959349609936 248.1204228846063
31.435328264741813 159.64852149741003
72.32014633711377 196.68474179365347
70.7809943179284 95.89285723281054
39.21104553640835 239.10070141754096
77.79838021110982 85.3066154406929
17.73792304360482 45.22254366252975
65.55828844366745 109.24037813170497
79.60458223783785 260.02135224197417
62.223322492207686 84.76124649898509
6.30915382579812 129.9073229540491
32.68534797558167 206.95234949091562
5.198068672171785 24.158416151136475
41.671491482788944 249.29749591042088
41.33743905030545 238.1027147460753
19.061399109472244 180.89584864395556
63.50497603164762 264.03259426919533
56.11307615644709 100.34066383204964
89.58597313001277 67.84501853816613
36.36149801315604 80.7948147198514
47.06775507006672 158.182127562596
12.114779691885346 58.08571257946971
13.760451197944434 194.8781224023768
99.23461457366489 117.29648870763376
20.881113282912644 48.69244065363448
19.11930403871631 189.99209907385233
26.200383765986256 221.72578940597722
62.2534828736945 87.56407421536962
10.25277733360367 216.83028623716874
79.75999425394335 244.28601809099212
94.43782861053138 230.85398300125746
33.97648852036368 66.69571582250738
90.801051099395 140.42178688447476
39.213039023711495 241.72242202673954
65.63509947811242 120.80316481719544
68.94589425989967 151.7728094776196
89.13172445727983 255.06737681522597
79.21543435490086 273.4187527409837
70.1567665429388 256.58166452840646
53.44046970762062 179.25540235667972
12.00700019288452 45.210899098909955
13.346893452973285 222.07323466580857
25.508099108122018 211.3167575480535
34.4722249324405 142.86903990358365
39.99954531719445 57.655833456311875
63.981705793187814 242.46023234841357
91.20376914554195 213.26328214820433
84.52538470359625 138.30699881143659
17.558068702631545 59.21175399358164
3.704822298911592 198.24949411986248
77.44344204826533 90.08389439679338
15.88534092337499 171.42365907264
53.300963041424886 153.30469461379448
8.509556989037847 23.747223443421174
82.59736168475015 272.39150103529
81.12707260215426 101.1510083553532
7.827130108074886 299.9860584255024
11.749440623041785 29.031960143915242
4.516938319969976 162.51700396405744
4.7936944726163055 27.088363486422082
9.64269957326943 169.2675188250281
27.041497257703128 64.55778843929735
83.29409761158306 45.48326002464174
35.47383905373196 241.04945662876986
28.858462190119926 234.05339330370805
33.94188366889068 63.524677725927646
38.52023069255699 247.02757880581873
92.79071328856455 113.50324481452624
99.61920028515505 94.33767063011808
0.052975693767698395 112.03129348457034
7.095389776491434 211.77429851225997
4.052588170293625 201.89024035758885
83.63414146217836 100.38772696063003
24.70144249651215 75.72088918935162
74.19767927668691 96.02494331404722
87.44283501749024 108.140403423904
20.982833774216914 43.076557120099615
74.29617911686528 88.6519384620908
98.4607038514408 269.4303227551332
23.429087904034574 190.78360810514397
30.862979054864315 66.77987672519306
14.110342922741804 309.7588135270881
3.9514042074949574 205.05750215538362
39.23106216464723 279.2972240262911
34.53191080739475 154.01583765088995
11.522993114497737 32.890361805770304
83.01055039858039 235.30868692379605
94.28013251303456 203.05935753444555
57.309427235602136 261.3211765405141
28.258954039252316 150.3098172535678
41.38998844073374 242.36705337121128
17.813901401032773 40.753495047445476
7.492898081120048 183.4758167012899
8.29189644092324 33.40709961244364
93.72951163619078 111.84203231153515
44.3929873247508 231.6646454744843
89.9615939645946 100.32505072660857
90.81048098918045 141.9797788568963
0.8453020040073977 193.5514479849357
14.881183632978988 33.16691194379642
70.02233030343757 265.62102654434864
53.92860378841674 249.3483960021556
36.1671817651569 5.59742257877393
0.10362920169224576 122.0558437404596
99.10817004520825 121.17688306548337
10.004972948408364 211.72449253885492
3.443990951028819 169.60622023727083
14.909854667658696 33.77213930066036
16.62423778501083 222.26470240561594
34.473449408676174 143.09742274407972
93.40402023583162 91.03126656390438
83.95942853325636 85.8979724076572
28.925334645903057 237.382363653342
16.680674898256143 218.96227047662725
27.088431057542216 60.74388866415691
41.26309107147572 230.594450340051
27.168273613458116 54.84952233261656
72.86389199736469 266.9963032181346
2.0006348980758593 19.35013705743542
12.190302994531955 68.88955702760302
16.53590458622245 225.476044579131
64.27957096901108 223.81113603535354
42.06648842228539 219.23466099378146
24.2360930477695 43.59481931301445
69.95705759725858 268.0912550209441
59.81637336223772 200.13479145508734
28.467953986453587 187.6194189844127
98.10188831219763 284.291391489852
75.91846819565673 262.93937354023393
52.190470352680116 83.45258544226537
80.21909048695514 105.50319614113184
16.660342215717982 220.25788709177448
86.0251236352366 249.66881231809873
28.28462708502203 155.08539398475
90.42182021745174 95.24848320417051
36.237912640976276 76.41652430626141
60.75101275445769 249.10342239858943
1.2817013740946348 159.8620503692916
72.67478277478813 251.13366427890168
66.15415951840562 213.4598710395128
84.18811800234113 95.43488687907613
69.42782014223695 235.84123761811196
59.521864425847596 146.02518011022278
6.773062947128361 199.21740145426952
74.43431048081635 81.92902667285247
12.4207493218486 108.26687726861287
76.57237910690556 247.41839060964037
69.31692794149144 218.87688669832963
23.239333350834002 200.19798282760843
95.00805147711036 283.09050205265754
12.386792008455494 102.0473596196106
75.48165317403439 202.11407302088384
27.485617321330523 47.83236570508483
16.15101732181332 208.78447593315343
25.501061764842802 210.42749406965027
93.45897299105806 92.0773109435079
51.668905853024086 212.5699500146327
32.65121026832342 210.50115449809383
20.907022608612714 47.02112207516423
28.62238452162984 210.81458309828952
38.56485641888997 245.7967981200709
90.11513676558374 91.50097125095031
4.486387198592013 164.1900917436513
42.678106081044284 83.5923485323658
34.403426218880185 130.13047457450585
17.17133512708403 188.20986594824393
67.0886391994542 247.91241439364825
75.7815838243745 248.85091915880173
13.008708061096286 204.58823812125968
53.61760352712505 210.24803165877825
39.72889185666043 66.14934819706376
80.61852927484698 89.8066874482158
47.67434407206963 247.16245081832648
61.21111956664787 268.3011917212913
30.233803306437746 63.37888637978516
18.62302676849571 101.64898868711916
31.256015709590468 126.32315568508605
81.30083001912863 123.46648330587107
61.23554620871059 359.81033951964014
24.843519551510084 97.6050291906935
85.02515613168758 227.87243237453825
76.03542082524123 270.2494643914911
90.35243297551452 91.6417534058646
72.25820332874197 185.29565271312418
62.80462392141297 174.20028055002837
31.056072980058946 92.16598600424932
79.32417901372384 274.57325950944926
17.246670521784413 284.08353276224943
45.80704073878836 86.84555272540909
57.74601508754454 233.4230510527405
95.81401770142082 1276.6141700937726
78.78113515467203 230.67470564406642
7.373125670535718 195.6179534027654
26.27257262285523 214.7660945722578
7.987823806971028 48.66206916609484
71.66132833386158 91.71868620928505
96.33045521656842 97.94083298188528
55.38068834233568 81.68985597619928
64.97515535555654 77.46114623545395
27.84302235119481 78.78507044683755
5.650313543373231 27.611241206861063
83.44074650565788 113.67008136342338
89.00432951587813 267.3335194362801
18.675669820015628 111.09595058631662
36.92139391330639 56.49573157252957
93.39003177037777 90.92783477466381
49.46861701353552 65.52373122228536
50.57354865457254 222.96867636082715
66.18208957580354 218.07123515394386
42.051151959161295 220.87049064071618
43.28979871762709 65.45121584492105
90.8168623204417 143.0424906024338
85.05647968881284 232.91343092093834
84.86569818925307 199.97761782698586
98.44890767462485 270.4905525299123
23.51252494489613 239.50851912357308
69.68130408508644 262.67943755240634
98.15834735373913 284.6767406670433
8.543683401416702 23.50398741593558
96.15188837732721 110.99930689408258
81.98564836488295 241.85658114489064
71.34142612692239 79.03970111742014
62.047693699309015 74.30654426738447
51.1295311892483 255.2611017814461
85.36170106966951 269.64470452401224
9.303283447814724 107.95728253407336
61.159156719088536 226.51397392746009
6.9980000834008464 211.73477058292394
72.74880187726133 258.6929329637061
97.33650751047723 188.8437099109399
46.157555459584586 63.665945094291544
47.40523578351623 216.84368534967692
40.9294783715206 180.16732391659255
13.188497043790704 218.69302397249334
44.06154017074147 180.86095989612562
46.361863695952465 64.36018511241825
82.26032997789258 270.7126566685506
55.4016466720322 80.09163125839117
33.58109029884213 53.998899094391334
20.373851844238512 241.98490498024893
23.31984741005355 192.52505150016685
51.77573246394761 246.37711136068242
55.636252825963126 69.12666863592679
97.90303627384039 274.21221262364736
97.96955733813336 279.07281634615714
86.57555732583401 115.4606316911899
28.94203599767845 237.9741048016631
73.87070723831516 43.74800083542378
59.599093274702255 160.26655656373853
71.02216357387152 96.96643916106362
13.716017657484436 199.52822165960208
58.25908101536446 97.31058887060209
17.914676764518468 37.24679052491511
73.71563218501379 231.5883363348266
43.839602969187865 139.77116478835072
87.71906934663917 148.84334014534966
73.8189513722408 758.3325918195438
25.078834661744466 140.06942420075737
55.49597288884566 73.94136772671555
45.868036123243016 82.18685758931966
64.14718799137742 225.4583629113174
5.093149121808748 31.599180850318273
40.73689562126138 144.5488841089483
78.14766699036502 119.98861449109383
57.377133889076106 260.54710326159807
25.132625122621764 150.11096980959465
74.96428386605378 112.23976493895617
81.72542579111382 198.49834769532444
73.85641875500013 -10.67644745386282
75.19693537206048 149.67530148346097
13.050895760217196 208.82705185519495
19.504508060114322 227.90902629962227
20.881716111368974 48.65190205513707
93.5694188263087 97.27412675868855
32.201787053968964 242.242420918302
78.27761201217601 140.79300226900668
66.64699378903533 265.99280454319864
8.344166801706422 29.964297646363637
20.570612302132083 67.11423522614407
31.319926518516795 138.13413149128104
61.653218818807765 86.63418854655507
24.075845518194782 48.74608570970422
49.99057929484076 120.86675091205326
5.0992920899631144 31.117272218885624
26.45086561659028 196.55316342112934
51.99844699114937 94.36263909499488
92.61979624709163 274.90956068097887
58.16498805610163 39.36594833856165
89.70002705006799 117.02344842087214
73.19302658405275 265.94905731828
74.9893227532843 115.7581031560048
48.68217846648665 552.7607832828771
75.60390685953308 223.18872630740182
24.554875280133192 58.26499673430814
61.46761133860391 100.20771553909347
6.864101442678471 206.33757817589975
31.799721931734304 218.2427341373687
12.493920250847024 121.888817499141
33.23651887903214 77.09789468792029
31.067932738947924 94.01240219124466
59.94490316449783 221.39976324578697
32.53640904846773 222.51709156415967
96.65053815805948 95.52967123340986
92.85994882256604 118.76722797241031
10.802256019807722 174.04591638836789
70.52665268389772 224.7735554305438
79.36933281428199 273.8640371838809
37.10788618281732 68.35849444205152
23.45742026051896 195.97866192267958
13.469159682963305 218.85823130333162
12.395528066775363 103.63870740350477
8.134301118844256 45.75240162370389
85.45013722860429 275.0490037957641
78.42562625958493 167.36212232481856
8.175005278619018 42.55199451278741
43.66742414282992 109.62591347595713
86.39647500109663 -1694.2708800670637
27.12873800525768 57.63743224054981
3.313508436669299 148.8538757575286
50.6873542453842 237.49581294029045
43.011066504795224 61.462280919295274
94.7865558817911 274.6174818381322
91.99275149848896 278.7976413278752
42.103693480270486 215.3304691860779
69.67386461660978 262.17326225797973
76.82443914502105 229.0487762698249
4.539877501318912 162.00197801151103
49.93714751146625 112.04373144482958
72.89655627098199 268.5443416509752
44.908407180769686 247.9850829263075
45.97226471353344 73.81066007760506
49.63388421846433 74.3941551828132
70.45257415831628 227.47665759298255
22.929319590026044 228.17825221899537
21.355526979828944 49.834464413917374
58.22952400926695 92.64008571466115
20.13170595299837 193.36453176080605
96.19691002725507 107.30790371088733
12.64878656171775 150.61717001338945
36.157936044342286 -32.932924178049696
92.11877011244648 271.1842807913739
70.0688047629542 263.0615146458673
87.01128942554523 88.6354296505373
14.260497655194449 56.7398667838399
80.30157496927292 111.88786043528278
60.58642396362747 260.301899114844
30.686428845152946 53.04705340746488
6.799727469163807 201.58127037924712
10.691054186450067 182.80112472715683
12.218961458930233 73.32064111788196
51.62189545253779 214.09007826948954
98.64201063292619 250.84078936034396
39.819881932770606 60.931181863398905
94.9762716767095 282.913415637529
16.48491923720047 226.16547312695718
21.3434477297898 48.89074251654077
25.945982378775078 236.0554302593962
99.64598669309535 94.1123135323041
45.89469759440925 79.99928258096728
95.77464416808881 300.5383458720645
31.965472373337068 234.5888182455435
89.00301347153736 267.4441761115993
74.61863484642424 82.0562861231798
34.403310644301996 130.10929534770486
55.845377085033896 73.75392872316789
74.22876674091209 93.54380876771307
22.903914415147653 229.52852848613207
19.900381051300453 216.64729922292818
27.11127624917753 58.955738386871104
19.29332882214384 212.59589840218254
97.07768277793488 142.58982910940176
81.05071631562801 94.04383957816908
2.2444045638777443 9.350549487839828
75.8281249443385 254.2656643878916
30.64806443869853 51.42151365238155
67.3911766687177 223.06752600799294
41.8170237223064 242.54007335677053
90.5174391493712 102.81428608454056
77.37176962578157 95.23815632938144
51.95300681959814 89.87554701946182
92.15524912402178 268.1884736691469
78.46482637066418 174.65042669959968
33.939140995466644 63.28938810053465
1.5496151642497735 333.29185174611706
43.41168164999153 75.31165623994023
1.9507928065591318 23.060112133942077
30.648332607746475 51.43114359243905
4.740660560977417 -79.10685863383301
88.48354804285792 269.7686626631504
