58.11548954334257 1383.7887903001185
81.32539553662875 136.38993036669478
94.83824497571327 249.67492386789058
80.39279576994542 87.92857193462277
90.70464978345696 134.9610337946456
84.18463057005873 102.9375248353917
80.54989713835731 83.4458809308101
1.8474914888214955 12.001066369315954
49.651392739774835 84.07391583346738
69.32132233187951 210.233549169053
71.16980766827258 77.23163854803909
50.75579164011824 220.76191839524398
27.527407693823147 54.504457413300095
50.039436511187354 136.44744962904468
24.11066002255956 41.49605750592974
17.091277932350668 144.10607092751383
24.455451407374362 57.0320496573315
28.76377693469815 203.1142399744793
23.48927706268571 176.55736896100927
56.030801901186756 99.29093286432513
28.69268421461012 199.34196980551988
50.90771813654613 223.94188050065043
2.1413102337410006 7.082143103909877
77.91715583125146 101.00996884490635
57.05085758203865 225.52941167671338
87.29030035075654 101.27382282191265
24.095197873424688 41.50903956975127
63.67009390193523 226.77147236488182
26.817909070152623 42.051093247265364
35.664437630665915 184.94268994374787
38.79676982049324 188.4312389870253
30.21915152455259 50.42656588424059
68.33258501633695 82.34428547834388
76.16412793297445 237.52156931036868
75.35118113498636 179.88064686600705
94.69070875940864 244.52498602042607
73.71091473335503 194.42825314404973
58.663507406277695 68.98837047264999
91.39879682647383 231.53234795035473
32.72107629982249 163.5600120231251
2.498600087325298 26.5457964089627
64.61466792784789 79.61219929428128
14.863180579534262 34.8923061364729
87.41665259471552 114.35236647052074
47.55884487673237 215.72987894839292
56.47773670885342 164.6431844386639
90.5529717300729 115.40456040862286
32.84923034277829 162.41575084182904
32.462559225453425 188.06112833473682
23.958021237597016 43.75054385557122
11.198450058469412 32.598307967432305
75.83687533557068 234.06158873345305
48.939070607371725 69.02384097838666
99.51438578838523 92.1536310822795
84.60436389420504 158.8272540550351
62.25091675776285 96.02762159938595
50.64748252185226 214.51568702867564
20.393861373370736 286.6024165716181
59.697130105456885 178.25758605692056
32.8865586339426 170.53712526107523
70.18523558766077 212.61230654209743
28.04336772811351 117.91008556796142
98.84352395409677 207.96402269262137
27.71735442776857 72.46024031945817
9.073333946969708 76.99492585257656
13.952339189079366 140.10936793465436
0.30648197989796566 142.74658463488208
4.611287657391461 134.33808152953736
70.91968269342635 83.40388686243088
95.78927611080199 321.61604928048894
50.25579833388593 169.48242669507633
56.24389787274454 128.756512404084
71.58615121003218 92.79354103619492
4.18081144835053 152.22644117793322
28.56436575304473 189.13219327121757
55.323057128951724 70.73605226173483
36.327381888123625 59.343203956947946
99.14026052206779 98.07145034960773
82.1224614162424 237.73320756053303
78.2103557537329 138.53016859535387
63.66482395471782 227.0509715300164
29.860909236999067 -215.40086674228027
35.81945327235238 169.7748827820882
20.357553968198683 182.60419347638265
74.57126821442893 83.54546342961685
93.77027132795966 126.3338590367121
88.21320539646067 225.49244438536223
5.375541101621595 17.193693767783664
63.910579068276554 207.95107708201135
69.59561959670982 232.52124402886824
50.8365167285015 223.27725888377574
14.670035064300613 30.725081580430835
98.82593127501049 204.91646894281115
0.2226229110571909 133.51162420792733
13.485122113849846 178.5758415543367
92.70758924509897 -22.265459378437455
37.97105301849347 195.55775172165423
10.187575011198668 182.2776911197754
43.852715197689385 146.77916600887568
6.263332684042799 122.12864017064227
65.88729935193459 168.36073373696016
81.42564794094757 151.39937769260308
49.01285407389203 67.22132722211997
71.66580973410063 100.71064097829861
80.65217843838562 82.20638623327818
50.14508548938791 152.77942121171094
12.247352157975211 86.63463274453393
69.5436923946969 229.79278633436968
72.69317575053455 232.11812928051296
35.654025043241056 185.9693650015979
32.46250502056623 188.0661811647417
90.33185345716434 95.23390220685503
43.69275056532319 122.14479545385402
43.42927357032167 86.16820776596946
3.758503439550731 171.9274384720232
26.343948838258857 166.05533810076867
21.79465309233376 116.93878645398058
42.69316827117383 63.62020141404653
56.07847344416742 105.3309922085237
53.95057586886375 224.79969587074714
96.00437794113252 96.70458684359856
34.78988427411589 188.8343946570876
90.09708360438589 87.33222353126772
1.2795226628173895 119.7059343476285
4.863849980657542 18.57447400860501
25.032173389042857 135.0287928634246
15.079143459491073 50.95533569012301
33.82988100144896 61.6158565926615
90.35510618054026 96.80084077086602
13.944292928036372 140.15493078522462
13.813310665858413 148.46172057470318
35.12801979520953 211.23630698105256
79.24537984506077 240.9429762921683
29.145821276042227 199.02749314372568
38.986500795686275 170.180863688116
38.6810390555021 199.0750809328033
40.84112603329528 163.96817597544282
0.40476586178752605 151.27258531519456
59.72805153264904 182.68588930847568
7.9393802916841505 7.243644648536996
24.218892743628828 43.047615366142075
56.8219042174671 209.44517779350315
87.84602630563934 175.97257257449186
86.36136380103234 300.6263813917715
5.15742181221931 16.279914098140555
71.99050720861581 144.43382795751089
49.03970525358932 66.39023233002635
35.581040543986745 192.87530269674426
36.985903786618316 65.38767461108225
40.14588764031119 69.43342679671215
49.888703408212166 113.8529739311525
22.02382077669909 151.6093949377447
79.20326160724488 241.4906795150506
77.90642120989271 99.93612587151956
24.757941106187143 93.26115205913842
18.85894653440686 144.78395432595863
76.76506173772277 190.65074493347245
95.84766089121908 -28.986346123919176
88.591219950209 246.70504101012574
57.908781426848755 179.33893533647506
76.81659766660907 191.380101783077
94.42315934788948 220.55771765497204
29.324561600265497 184.89829012422845
5.908365117363424 67.80805901744228
0.7382292317826944 159.73205772670337
67.98065105613942 76.21189213177576
37.9971175483973 198.07510881252014
50.561933242573865 207.39578577929737
26.305195333103537 169.89595661272102
35.06704447283306 209.4903191384223
49.087366959582965 64.96313728485653
24.0586400374491 41.7539074462443
65.66990743411412 134.98170631690002
68.637742145997 112.3740285699418
54.0702090892153 226.02927349422498
30.886767926885717 78.6483717918844
6.880815051983502 178.60906804758577
15.727571561055898 142.48090766449258
9.467704513658514 136.89281791701723
51.028567883274576 221.7838734846399
28.680281749028545 198.5417586245821
78.61193265535388 198.82111404009368
26.549407539032966 155.1490463344023
99.22756113105339 98.24615083233613
28.66656231192275 197.60852360432577
74.64511531359675 88.00186022063164
71.10527167720424 78.4965534873225
93.41831591087411 93.71910839649509
22.575118733570644 199.71092941519612
57.6937496728414 197.33652255963972
37.39127453296024 114.4508170573823
8.531915564452197 23.672197581718365
76.15157818931553 237.94368711672962
52.203103693267664 67.92746405101414
76.28309283244985 231.52855270508715
63.84314369572329 214.2300568578908
20.72766945340121 43.07397379196841
92.04046537004884 236.64081457734625
18.33925903783259 68.18924185620128
96.18993344065629 93.61252520395253
68.20120169968273 76.41926065314232
10.504888523899236 160.28304488269788
56.93070030084512 218.80340319395737
87.29787526404736 101.95727830383954
64.28408040670344 188.30724676502425
78.13302002679019 127.38131730341044
49.205908644772066 62.704085913792916
8.108040835212215 27.383670021254428
38.783234997309115 189.7552230120747
24.603217324162785 72.63038494041676
12.61102540112673 141.8771617643363
45.472515165967096 189.91300978207664
77.53305221318237 80.47335741097037
18.433806518743424 80.68235525582253
76.28771714805002 231.22731073366623
19.3777350834033 194.92453905070414
59.01103405244547 84.22811023074821
55.79185616841882 76.04343730030504
94.46759225393521 225.67881875337167
61.46142619514975 77.49165244095335
68.32511355802227 81.88554606251627
68.24306319001863 77.8122929637524
34.588987689964256 163.32199289637447
32.70796189566627 164.55780873804488
61.91003352047048 72.30966227778313
60.42205922207623 229.048953536604
16.797357942076175 167.9454892412398
95.2617967206538 231.6863924699374
21.096454230010885 40.33420805079142
44.21419325568344 196.2947245447541
84.22394062986814 106.94955980030872
51.21479031707249 211.1080012403545
45.323545248488784 171.38087088709335
57.37757801708696 223.22199270075203
39.256231882718815 479.1522810525655
20.088911158776114 156.82752914291189
85.4660413305443 245.03871369126546
11.122858313937522 26.47498361944062
73.341722608734 213.02381193453527
73.46920987705259 200.30813466921356
92.79081295376183 86.45170634653525
19.333515591612016 193.21657843797567
27.41056811477611 47.88054098969043
37.85486562064215 182.5387660335605
40.323821719654376 88.05815491280013
71.60745928761243 94.77064921926879
36.15208136282907 -104.51689495811937
32.75933027212729 161.18466063305323
12.341319196319844 100.99175761124374
49.97105285804883 126.00025783963946
59.27894377567219 115.35353367100714
20.401490957445922 361.88787119548834
93.11899530396205 90.13384482347745
79.88530307014872 193.22555357567245
98.18011807222834 248.36291705566717
28.61366255673986 193.54865493695925
22.95884695372412 185.98145858947365
43.4714754458285 91.23312803603879
82.60203753169138 232.60292987613192
81.9902078049636 227.96837454504964
88.65005982780654 246.41210107608242
99.94466327582072 116.51555639586005
80.78602555465731 84.2622549597192
24.947278597615828 121.90150760988236
87.69699225555792 153.00881533882375
41.471845123707865 216.99086501038636
28.861467357283765 205.96701084957425
36.69404398789524 53.00256667367311
77.1855085297418 87.10419139495104
20.310548116659234 155.2814472726148
71.55450989619918 90.05648061991893
72.44904219150767 210.50378297829957
68.09315730507501 74.91202274527579
41.33726178728132 214.06954884678976
18.69897986054663 120.57262960554509
42.31768609285407 180.69681011212123
12.658838513919546 148.47993869798324
73.77628269171748 239.85082942567064
1.8958020932349884 10.766350038942917
84.32907764430979 119.23707734707625
8.76422645200855 38.691536755518726
14.231830733578278 21.34622270819682
72.37282724460427 201.0917848892866
31.65920526356959 187.27914908176902
49.06519019825023 65.60880567897497
19.88829487273607 176.4203929715657
79.01086434201329 237.5463565738405
87.39646381448348 112.03502178852935
65.11637903737962 76.49654995526345
4.030109489234546 164.02417927450392
77.302018619492 84.66590766724786
79.17802658034135 241.57833958301376
72.41838095992463 206.84422534281538
19.84413866298771 180.34457464270633
74.43534710503513 79.09140034864578
37.500471064859106 131.16120077763733
94.61144663473824 239.26025333707463
82.6103092769163 231.99740887503185
66.35711662895355 224.92780986864656
65.80789686379562 156.14597845288114
28.38540435767991 168.6313086649967
89.03892440285297 222.79543168199245
79.38147494958423 235.88719539100134
42.15999824051275 170.29302364927833
50.5021947494989 201.38196085825604
74.38804511745236 78.65811808586872
63.58642549321625 230.38009332105696
94.45444514873668 224.20491206320332
80.2389070254424 82.88742244436727
27.18299480461561 45.07324795313266
41.678348350339725 211.56907574897946
26.83483437266805 45.64288624309356
20.71440490882167 43.4514340855697
52.949203704698874 104.82577109378803
76.94100114572254 319.0811182125201
85.08662973180544 225.3503164908179
9.450306817687782 134.40828004092998
51.55655346158953 179.24691497275353
54.18699238363245 223.3326180947011
46.21060595447527 61.828682167358856
68.05105822239645 75.09008448736702
81.64852457852662 185.53946123482712
33.73842582271587 55.67768588021641
83.16016800418241 207.60788308782662
7.671086961671946 130.45445322397472
69.37795656413886 216.32979687337266
57.73319769993235 193.3714154134751
55.7741019271097 74.85805956541029
19.682765966162506 191.61330763687286
66.85727584806251 226.02228135513536
11.348435517577226 29.8005815234947
41.60239642226089 214.89820661036947
66.22679162634995 213.4405512070093
48.564543386131376 175.76434678340786
23.51914853195708 220.33507739756107
21.535836783459196 78.80452182789577
26.174543352995784 182.69936672641194
4.523344341542468 124.0423060726306
3.264915244038158 135.0077703323373
30.186472183079783 51.421083876603454
84.2645351869352 111.43869163110739
35.610394818053884 190.16984523883065
51.521006022181815 182.28292783831532
99.0223552293161 59.72379807943611
80.9898195859722 96.33891550813024
74.19971063683509 81.64695078473011
97.19095810285448 168.54395411055873
35.07449399884608 209.76071220117518
82.93723382293553 201.54722738287424
3.6456603979669433 169.16299004579298
75.23768417238556 162.53548319906014
93.6612638068176 113.29874617983425
49.21017365341478 62.67257159940456
55.344185803992886 70.08523785774365
58.500033468834204 71.74204814919072
47.39742347987649 202.93992556417348
2.3974764519903657 17.721897625076533
38.2558080040311 213.52852189172327
97.68574222929455 235.11744602329037
2.7623466601354285 59.489472650895735
62.45034809928781 121.57309326938497
91.74984020071382 248.37583729469117
47.56001451838652 215.7976615435116
21.90808604842157 134.46340395402407
13.955571509128307 140.11909107811914
57.273193073552896 227.18330777747622
20.457774165830468 -44.48168414799449
19.8393856109096 180.74917914513222
76.45476732605813 217.58513372660795
26.831887773377627 45.12096908797719
64.07769789162498 191.44603067254968
28.59728798302531 192.14757569834507
71.589599796756 93.10631460534373
72.14620060629758 168.43022198102784
91.52617424679622 241.54671497832362
62.31555029246869 103.5681373532764
37.042973840474026 70.35849471340809
14.787773059993548 32.12281120378037
56.455107831455884 161.2002324237956
8.18126395997516 25.528526919256528
44.828919768975126 213.46866955212187
20.116309843536705 154.34819644899542
42.45991625937343 4.321009681312688
23.25113367842768 158.31998502720154
99.51699063679655 92.15899742266963
87.27006611710712 99.51531233857973
64.19691773932243 183.2075083869654
57.53698749712748 212.19034302490422
48.07614019563447 208.64830751598777
4.095393110137103 159.42547621100599
22.432613746661602 194.49781533211404
87.14039076104069 90.67871253653455
69.35152460910149 213.5705146718906
71.98407186791125 143.45368343192098
19.34154385437077 193.56788853344966
72.66889895672966 230.64089334184342
9.795200762103251 173.7992841234316
59.82414857930763 195.63190004405178
94.07534499901011 170.9550243169661
28.037399854897373 116.98995033374725
36.97932884323044 64.86587228803512
16.710923029616744 175.94541723337787
69.82464069456059 235.40336436344955
25.967806395922587 198.10777367677315
54.20704869882814 222.50037573987498
4.654275245137907 164.80473230969181
96.06230924262184 97.08794124657788
5.314681866856552 15.791548980376593
29.20806263954666 194.7891429570771
26.38192823912813 162.4502647377892
35.68891452131143 182.50475210036524
66.67239666135004 233.69889285712424
2.9900985010997805 94.48087424625871
58.909117075703875 76.5141708512787
18.791807109563674 134.82368954445434
1.827021087783931 12.385162961376842
83.99701035111508 88.88912334752096
7.949071438561517 11.99809216613101
78.89900792608374 230.4725002401428
96.95336257339403 133.44494220672155
36.9111299736746 60.097792780649456
41.384144043707934 215.67750840293184
98.80843787698021 203.1851953928644
88.49809079541156 245.13961261255065
13.531892190013162 175.02991541134318
83.9573006678941 87.07602322470865
64.71832963868711 77.73726397943913
25.006638757553766 131.09827597771206
18.472923580499568 86.22212484456742
9.12863946386725 85.26710149604699
18.007595617181803 38.90404721928909
49.60681748328558 79.69324472490602
29.3189417184357 185.42245476357513
11.01151914726266 -233.5894359524141
26.868791753593303 49.51807197347997
94.34352650198056 210.4674760841567
55.1230618410473 70.07505576264374
21.09096305213277 40.155410674464115
46.58198505795193 89.81171407368525
72.68156341180426 231.43153214089213
57.591224464299785 207.35660077713027
78.25535479535255 145.27262715628396
15.645997055043193 130.39613388300356
44.54189683864772 218.48254472206324
36.285812753150495 57.321911733420066
6.023933320853048 85.17522729824715
98.93947374928285 392.958254580415
2.3894781084569328 17.13141282561208
8.511428791768916 23.02286873824151
99.08892731316308 92.93914835118045
86.73675590410363 89.56000967583897
4.921091445504288 21.386892122523406
18.767667418170987 131.15686967584713
4.413869518878554 130.02315209019736
25.7598080232608 203.33749710233778
77.62039569103328 81.79007801719295
22.440677387422504 194.94568739748271
3.657049308014959 169.6078630085732
76.36499484871734 225.52911328866261
91.76975487599466 248.29005936695052
95.12579014134688 242.16269975829334
46.34286415682681 67.84480059723064
91.64038168427918 246.81581646364555
96.77665407262323 112.12615965664952
69.5545454060519 230.4247053693752
40.19199316368266 73.59022624366553
2.9916129215059706 94.71838953079187
40.642520438094245 133.74540963027445
24.29563077606457 45.98618372152649
62.604719752263684 144.66516374669968
12.419697386755946 113.17258702363318
68.11892345296427 75.00679097950787
77.97584189112791 107.321074704954
45.216008488183036 179.78598373658303
29.307542210264646 186.47345783073575
76.08584910197045 239.45458197399182
30.408180757183867 47.56069769051696
77.1762472117873 87.0388643929046
88.93657061781047 232.0197118192557
91.44020146126097 235.2388690096206
14.492381179749692 34.10770256802161
70.7824976915004 68.59380334998743
21.488427512365348 72.6592150136513
30.84664129889354 73.95922861349291
68.7997695257782 135.14097175186225
40.90607044036108 173.1927391547715
10.479472928358991 162.6946609441059
16.16025572746388 187.92036225362764
24.40862468961772 53.125845298818064
85.26022315412972 239.2327796705508
57.901809660346395 179.59799281494844
22.191078097676442 173.3592410259431
23.208075739507162 162.34192597302874
22.02349943778634 151.56361666795095
70.89142488536204 83.36745990985622
93.14294817231078 89.6689187281029
3.8989027531209586 170.2936781851191
42.82526167891757 59.76046691370858
37.48895860853344 129.3794759510485
51.555991717878804 179.2915980800355
72.02557686799686 149.80848548189456
2.2327395169086883 8.916223902083274
60.483864588371674 226.92619915801737
3.353561645587544 145.92609270981615
33.192787862916006 56.789202010801816
65.53114962046178 115.08433091839645
60.72160890484296 210.43266002840568
43.96712761218472 164.09671467192658
65.63850280204878 130.30381128369564
94.67225231919674 243.45005021127446
77.89865003491344 99.17491107642485
3.040975274388291 102.42747141644706
97.46030378136061 208.71821146434036
47.79944605267138 221.51846830016274
28.12302262679417 130.24827514512683
35.381024053138965 207.23355385813272
91.1852583050789 206.5928581060983
78.21886538570075 139.7932549462271
79.47794214790184 229.5608639921731
90.33052508388269 95.1485898188854
84.25184913027717 109.999495261963
19.22322811069116 186.58745973967453
26.32636771832727 167.78526856808514
99.42374352586113 92.91277857835925
46.65756477076045 99.25602909696119
96.26010218661168 91.7586011623551
14.705723016243521 30.787308149700642
49.90460591892838 116.14859824542886
70.3172927795895 199.4707132514489
10.657724876028606 145.26235494303108
73.72501249242642 198.28458999995513
99.84222387203636 106.5077351095925
32.40431751882089 193.25589416218043
37.93268902061748 191.5711968283113
69.34671283745871 213.05177312526314
15.720186336603437 141.4132485555702
18.699274350950756 120.6183038976791
85.90819062449334 220.06114141553525
3.6373884855572247 168.81673819941162
19.398227652791334 195.52679241144585
51.97415787094574 66.9635939322065
97.4647546155289 209.32620260067625
95.46930398793414 211.42683412918444
22.10644677651088 162.92064667413888
48.795506644276465 55.926079739849854
47.273465391864974 189.00631894381377
83.12684508240686 198.0142498086107
12.553837024765835 133.60619307799772
16.37466481188984 192.93374861765582
88.49222791331405 244.95763984928345
46.974800292250464 146.0973019466882
27.11779354357998 46.38121707982112
25.179985966849106 156.90673754238466
34.97345267962226 204.7643513468658
22.47001529800512 196.42274153727064
84.80316527267175 189.19301030132897
28.145253089271215 133.6867974467407
9.565551220776314 150.08167688470192
78.85131365069239 226.46048325152225
22.39458314885362 192.14584573660366
38.468618141708056 212.1416236827167
17.37679239096086 26.697369349591796
89.07074140145694 219.67722640897972
63.36128489020351 230.54303752550385
94.31883304889686 207.1307397161151
50.21361863213246 163.21703473998443
81.31156300966181 134.3865097718225
36.14903866690218 -134.99595520636427
44.94991948135837 205.1170060806156
83.98528352470763 88.31030051679231
20.72423174654491 43.17384361839274
5.056428310597372 18.87953985745766
29.43845389476697 173.70805933448116
77.09057711757409 79.77013275012663
81.3920777381842 146.29427614997837
98.62592039634504 211.58348402849273
84.82969762327774 193.07164127759688
70.45568476718326 188.02714041798316
98.09315762375086 250.9992627181466
81.05028774056836 101.92347137178606
81.59207599897138 177.03437027329412
7.795418329077752 170.55518597352025
25.113967945794023 147.37434665455874
93.75098861919277 123.87049748747258
39.47244015737111 61.956220449116366
80.86289689300527 87.54707157946292
68.02284263644303 75.42496695709445
36.45683743394573 57.265880110750565
82.54803611968329 236.19598788529717
5.679265946060907 38.495658822809496
36.73345605283015 53.38431742265957
10.205640182136232 181.62956218516035
64.55929041449376 77.35854794630028
67.70545465050319 79.67081437700386
44.59794941905425 219.31490845053344
47.76027151875343 221.70542793451986
97.28990387970164 183.79982369071763
87.63758152429646 144.06981058951249
83.84671877912456 84.21179405265218
60.22144504002589 228.59931399790742
96.20860151938679 93.06356033730597
67.481608100517 219.81733128772532
2.012031308709361 7.837416393244348
7.39727011848923 151.7042546886097
39.75630544188958 55.88802467679068
78.40794650557146 168.75482972347334
65.63728599049952 130.12423586222565
0.27278385029015917 139.24313902553396
41.07254416287017 193.88275788458213
53.97396609365571 225.3638099768771
26.813579847585945 40.86154067284187
23.09354033262341 173.72975242958296
94.87829719352253 249.99667314094347
99.36556135548601 94.22603651451195
91.68171186151383 247.80997123525668
4.301886629342366 140.57946815787102
56.63812851259647 187.75751891377303
46.13925877184154 60.485809042331795
81.68503322184971 190.90461163638366
19.055899567895697 170.63393179181324
43.056260564604365 59.140574329832226
57.62723773973482 203.93481324576695
36.23475630536366 48.184596231665736
8.519871250263977 23.277090570618277
10.31484069760854 175.96345739674427
28.220526763932085 145.18772187503075
70.66069219234286 335.43506477588494
58.89008989446353 75.36719728994201
10.998795231151725 -1470.6207340020999
49.54711035335324 74.55485706931191
28.613574662656994 193.5413129815637
6.0886246106684805 95.2272667571551
45.61151260477262 23.05904974249753
44.770248683668726 216.3050387256854
11.228203899317823 32.70894082690945
1.8914331627987724 10.887877238141867
81.40745641144395 148.6252257521997
55.4888398150851 67.05017839946414
96.5382245611068 94.30978999658709
73.04978196463185 234.6435102448603
57.48495698916485 216.36935242276138
53.36441476575169 166.77955637008174
63.84068671513039 214.44735980008392
32.24140793047332 204.4324524419554
97.75478715860935 240.99598088484802
42.31901403647742 181.2700506110142
32.23198469254973 204.89537594475428
25.462926225628646 189.7521137637146
64.90528696688297 73.20249293969556
9.724738860441951 167.79861977343256
97.2411801796897 176.30820351093055
51.96363146475221 65.22270983574096
47.55123995955507 215.28002888189886
67.6867618295014 77.77220252145139
96.45689116004698 91.58665943816209
70.80231031902652 74.94023888168643
51.8913491677307 22.794788312269127
34.84913707110325 194.8694391922164
12.821810981702841 168.08349446047833
8.892252061724237 52.49002423030085
0.2191776366524123 133.09597935419043
63.47636062558464 232.25994850381386
32.040071139808056 209.1780452149323
23.29072692500026 155.03765718354092
82.87530502370907 207.4849422709309
6.353387350848294 135.1026091219002
26.767203141118845 13.625126680751855
33.234790162027494 56.661426966285006
59.899812070493454 204.7373269568684
76.61525180378196 201.68742172711228
7.919655304073925 -7.830893629176504
56.008180617168655 96.56594711613012
42.902408484132536 58.27523913978158
76.63671920598257 199.6305996831114
49.56417726484562 75.93546797379227
49.581749902570785 77.43138141053423
48.62784921768481 202.98801685028153
83.83111708752627 84.06032026480193
37.84975563712756 181.90498417969846
71.91378636134101 132.9293836384549
31.366999550673224 148.80057837023523
11.098720190367672 20.21419997100201
22.23328529101416 178.04452270869513
29.256859480918283 190.91999946817543
66.2519533693689 215.97618854864226
33.16077587463836 55.80040470920102
66.01945475903015 187.8068606449304
35.396718821492016 206.42089286214804
94.36574508555078 213.390566415918
42.326658467703396 185.037539271952
36.295546732487104 58.061034281791066
6.8806671215603465 178.60712333007817
54.40118506160837 209.595916026676
89.61258923782849 68.56305787500035
42.33918406181297 193.44359712201012
61.143701158476404 186.58273784592905
5.837091819628015 57.78422882169387
56.27719780824585 133.79348147780888
44.08520661500246 180.68067995507883
27.321561069906696 45.24491799569754
55.143474874109266 71.96554626126601
54.935757841874434 247.75429872382506
52.496335059912234 66.3749695730984
13.475451116586623 179.25418597212897
15.983482006544303 174.26842596559564
95.36289207042645 222.05725034217437
32.60193615619009 174.33831682718693
76.18839169761318 236.58744575336027
12.348404188274753 102.09008867162012
71.03206204053329 80.60399282082125
56.543646037350626 174.46608425986045
62.31896886603803 103.98897970688868
86.57725207441457 91.68464575759349
15.94855908825249 170.66521890615095
80.62581550329189 82.31666959105021
73.79864245992238 312.63025197795537
13.27423689827495 188.31136989875566
93.14103952979293 89.70218372217485
96.82995347494547 117.9365499047511
28.410015738583617 171.81369403112487
31.07677655247655 104.41506364792706
5.3524171961699345 16.548063826351466
71.10524409371712 78.49723989891999
33.52741592236228 50.30428755939941
12.42084626813863 113.3509896237179
35.2123275120207 211.8897155933281
33.311658458769266 54.71600360426501
52.82276115807806 89.4385762276679
99.4267938112882 92.85961704626826
98.66672376718805 207.9093527421334
22.034100115342092 153.06717826482966
26.612300519829112 168.36304763312017
0.8824001941657333 153.74226675876702
51.041021158325805 221.33455509225732
1.449161954280187 119.55416718997546
24.394914934451673 52.08475074905077
43.75366628226291 131.4588107790629
92.77342371182111 80.68909096059491
68.5966316576948 107.19439760082174
94.4629727954578 225.16500775700928
7.664592208429754 130.46177283913684
57.83947687604657 183.51729091518843
49.83534191704236 106.37010403859185
38.18630811940721 211.1818953469273
58.171297915205464 21.787563184714827
76.88624630698587 208.83652775653746
84.17118361941684 101.64459230386935
82.73918666942663 220.99014516818892
89.48037186418189 242.22175346807748
24.955210469188128 123.13216886579457
30.61875612532231 54.13415894603164
80.85707697030313 87.24372930630923
33.23716268299578 56.62455537046378
17.24806315517451 257.70780693354703
69.77174934509644 236.0688698390935
40.292138650301126 84.25907341887113
53.010979184657 113.29335377697251
10.900642562112006 148.19620858972803
36.83269209628662 56.10916894626451
16.927868127904055 155.01970159277536
39.08898061276007 165.28636897741296
68.06184799429542 75.00653474034074
26.575839507515585 158.00470747248843
75.48432339858584 198.9306183265004
90.02371471409273 87.69006339451812
64.80064487563924 75.24811058739611
71.74507822480062 109.91270723352848
61.03393966049301 182.05942853050271
49.07081054567658 65.44125026899259
83.24310044392591 690.6576079579258
36.84463021596673 56.611439221497236
45.93320084538386 63.044617510016884
50.49262437314043 200.3448139136147
47.119853397510525 168.0577986148714
31.536695250345513 172.76780816775448
52.234353170619165 67.02037453701467
23.663073915645473 34.8296502396156
32.32709430951085 199.25460077647853
60.51641241899799 225.40885469545987
49.96501428974255 125.09020477740904
60.527393382117744 224.83729625772554
31.087093614181715 105.94194928956217
35.821096391326066 169.62946177472887
99.82233409811965 104.84857691080569
72.61621058453935 226.89259605571237
25.538735263269462 195.5266604162071
96.34694825248043 90.59916983792822
91.46362974377963 237.1480115447181
77.711942969804 85.29930220017026
37.986286597858445 197.04834395337585
75.51599511701409 203.12338575116524
69.90401414228164 232.9602771368409
24.156906332667237 41.798616868114415
40.12532569169236 67.74451589039265
53.98487960165509 225.5731472202077
48.276394353719155 190.1091867358192
21.767299478353152 112.70156609863994
68.39126891963257 86.44639030081053
33.84423250362283 62.741194672979354
90.91449044857877 166.34256050912919
45.91250813364138 63.665504761456226
91.65567504546462 247.24091254749507
5.597727791472917 30.52766900211585
76.75177932246132 191.09587242453512
13.37769941733341 184.92582360702838
46.21224341000426 61.874954808823624
50.92313568465319 223.89432305253806
70.85270552294715 81.96575876941594
73.87577776348068 24.980485285236135
8.580862664894596 25.67209587315898
41.522213548682565 216.74825322271633
84.71740627495493 176.27184842451354
10.802389546255942 135.68391025442963
45.34474206440916 170.5025695588593
95.32582326503095 225.70848523972379
42.77987785448805 61.03409226490657
17.150656405636155 147.8018914220299
93.52870580997968 100.82066576531699
6.80710178600804 176.85926346289355
23.539207158328 320.58656168854804
98.09659075839485 250.93423154887893
39.583684658303056 60.26407916397306
95.95277635901743 92.27142315660655
95.76673436010714 250.60351531151125
8.1373004457581 26.762238025149284
32.09940803370386 208.94119746964247
60.261282061722895 229.60542979210106
9.00945229195511 67.82197815201204
61.5842827166256 75.52927271430777
1.5459935712087036 266.48529284031076
70.03406210228201 225.5203551565716
64.9233781476309 73.06067372848334
52.96567866997572 107.03141004871944
45.908044739821264 63.80261218707986
19.05286006384015 170.28601491654211
67.5371632605543 838.4979950891191
32.6746325438878 167.37767724929606
56.092111026695626 107.12783263550183
24.82697635791238 103.43856402871941
87.34989394455542 107.00875370694442
6.2197422569712835 115.55855612438826
8.916000654950619 55.41203217632999
21.529931184223305 78.01929810575237
82.15102236611892 239.2272389536041
15.052268372018895 48.33406677967788
84.38036769562768 125.9464471843618
8.554822412607788 24.529247762462866
47.997819907787495 214.168548154455
51.532912126255646 181.2238413147263
56.69782528842345 195.4967760602851
35.795022192658664 172.01119251689414
61.46760995061378 77.58284449804628
89.09258006288154 217.49747944885613
18.19815741062457 52.59851662138382
85.29990169620599 241.28872647707976
22.798516986054583 196.28477932114154
14.815563742273174 32.96889972445328
82.04148974432718 232.29298859706472
27.63167530379854 63.336780772350146
16.38240856173069 192.8686199270959
28.731141111110315 201.55666279776813
3.477913062797444 158.45650240247676
17.90578130762509 35.45407615605487
75.04375804809847 133.06168963146266
79.27813245206553 240.1758269729975
70.65768318554049 314.60104271973483
61.072564114455204 180.91925442047238
58.62180387313901 69.20666326038419
74.13181697688964 83.73450488123652
7.18262322229789 170.01537623724192
82.71956811095093 222.82835968128248
17.060698308164323 144.82620209331608
