22.421269657146492 204.02555470370373
39.54682650058445 69.90874037467628
76.34142726126652 246.7274124707215
83.51659882336769 99.01846881927096
50.580207608122386 216.39385277388064
25.15162838117225 153.25423137721967
4.170792666432533 172.97712992841838
53.8187928359796 228.45818400069942
49.11746281484927 69.16367302938515
18.571265143999437 96.68611074000324
43.5190433254123 92.32058634265397
88.15959992753352 223.94511395700007
99.7695073807838 98.07176005526308
14.476186467707864 41.66874135685006
51.94665771867605 73.878940709797
73.71486277206105 212.40134415237713
44.217007148596046 201.93393778589405
28.91036413841498 221.21468286269953
32.19592586942218 223.87744552367408
13.085242701169053 199.07662192323195
5.942222241767436 68.15388709886571
66.08223318066739 198.68168868548355
72.74429621139461 246.26931166300213
50.006130972165366 127.36037883809533
20.682629821574906 53.20745020801483
6.7893710010116015 188.21280549516376
72.90299344687942 253.0236114276166
82.89614196265276 225.14132613402114
40.590307980601835 121.81163221922498
34.23089448361672 104.4858197342439
61.39587544167604 84.83347467315346
20.44156917094432 -129.79071297415152
35.73066045921019 198.204307210561
77.574128100782 81.64112047159887
27.862498352776754 86.14081930439414
27.6777378893997 63.486338118254835
58.82376133890711 70.95517507729996
90.1258970675142 88.63609979111152
72.31078496936293 193.84901044755412
69.97370845645716 247.95664550934242
14.081723760933052 200.57890531036867
65.82423330966955 156.06369869966852
3.5282918748521075 171.58516903499236
58.511244687901055 77.17433291544651
18.647936121710707 109.32556126458404
36.70255428379783 54.505183862459106
3.7914977654619153 187.17090469893688
17.599330118654443 46.61807327856208
99.67750872249599 94.40455943801751
49.924470606287244 114.4270224274897
7.461404514365688 165.21452072345977
34.935017251003295 211.02022776985984
52.7437428470377 77.44064403967877
12.30651142838589 91.64369005685045
15.515947467377256 107.13422680122969
95.62445977202243 218.84498672735475
56.230787462049555 122.32198814976607
42.743820383003296 69.38046813507393
29.749290517000738 186.12381179285558
63.032911173692575 210.28588489856966
81.33275312729799 132.7926849748963
71.22714916125898 78.98207079068186
21.13254932117139 40.40877800704723
40.69358734022115 139.07645484486318
86.13818018724253 217.3850990744915
13.099163592752205 199.85880339329958
97.51570407898654 218.81229357167598
64.79873211079648 80.94962413074131
34.52563776125442 153.46490811198248
99.67860698289256 94.43332436721418
66.65602914510602 249.69777285154032
40.91080477097477 175.3153510121674
65.11381802142789 75.10725318996886
95.90494900032927 90.70352611930124
22.446160313083485 206.03217711643438
4.435933997243935 147.37992914991744
65.96595156947568 179.98091264279614
25.089685737990976 142.92713213591554
83.72832270547097 88.19273474540533
10.88714922423437 160.56355644619387
20.886888930913283 42.78109212537471
61.245237809494526 460.84948059288087
6.073614976902453 89.46508898638919
97.21612643461799 169.48549181619154
42.95196386542906 60.1445182860151
68.9922520579651 162.4555618629044
54.732992041102854 197.73919980745913
45.389641271042024 188.33120720890372
36.575751956616585 58.387504003755794
24.515422116397634 58.378917367731574
72.90267445989636 253.01793814813027
65.02850301154504 74.11419170899912
0.5474922544360661 171.8063490266617
11.631254923793854 27.578283353187654
68.80159363425439 130.97320419844908
89.51280546266777 383.5885835232988
69.77223838934484 251.33746359592513
14.95528044839155 37.33705482583765
28.9759392744104 221.9361556808512
16.004703557385746 183.19668962245836
29.080344471573305 220.32688020722668
85.58340275990003 260.0669375779202
84.94209826043603 211.12991789970323
17.39497130293416 44.93330013894482
7.183462558615372 188.90472494329407
89.63901620771638 94.52362447203816
86.07240931912655 223.33918287997525
40.582948344445626 120.60891959583138
32.47465140475302 206.8665970849221
20.077528857645653 177.53855129167636
38.65881724561516 220.35255129660672
6.930540462447898 193.98315064702058
52.7176423559343 75.38756411526096
17.79796270074846 37.37438943135353
14.217029895181454 26.736702355389518
2.8257586211200003 64.46357485775809
67.62670272018437 72.84824296218326
84.12500975323154 93.87527074542766
30.189906326187376 58.23951071653762
61.44774196075885 87.97710867024034
11.366397313792664 35.54170448894279
94.26275016762793 199.55072812302637
82.5427657005612 255.0314102269723
17.021512561664032 165.96086300986607
39.23805597876628 288.69168512418224
57.47160112305358 236.51988387591229
89.9386941630555 94.9073575197709
15.655608916436526 130.8451753490836
35.01773754115586 218.2221870888285
77.46310008703044 84.02520227313546
86.1214812105855 218.75917336234224
22.80370220428729 213.93735300319534
31.753615549632862 204.1699047926336
89.3519482670766 215.37090153196147
81.55620043023214 169.29305338920568
95.10567232556551 261.8651531753128
82.72871877644499 241.88738132169433
61.72858989999056 75.60508671207725
49.240868952187824 64.64189318099257
79.23459319107309 257.1149818554561
8.344792940892699 25.017460706758044
0.38185815648111854 158.51701749691208
48.01539109520934 231.89949986164487
50.26813738141593 171.33783310394824
82.50271867321224 256.7057086767136
65.72260806557692 139.0987082184394
66.25871996104044 223.22221229229814
81.68359862771898 190.7400950672927
97.47459095585671 212.46461451300786
37.00500395452764 63.268356858802576
61.60524311077808 81.81666027816871
49.74422708121543 89.63759843729039
62.966295324078715 200.63331144250225
10.908451455919222 168.41468928400025
28.36775177236339 168.27663693626454
93.29881893300224 90.07333994374765
21.53192113750697 73.2837755107999
40.24073223575845 73.97695461054653
32.589426286240865 195.47890939395938
70.46638716194963 206.06299382327546
20.136749528685062 171.82993397533642
90.56742605317423 112.23844904844991
59.13526481173824 92.14792450053741
95.58863569093194 220.50701066441474
48.93622464468426 78.5571773624173
7.79024948242083 180.57368766536797
15.599168826281629 121.25514961981213
27.076995775801016 53.71696191030903
53.312288773710634 157.1422964427146
65.70897605379206 136.87774395404944
31.5003318258558 169.73311973938493
47.60138582468066 229.2827253004057
12.46780473207757 118.79813340602533
51.56279466144218 197.8658594660939
55.507371231609696 69.39516309700164
28.694849697408575 209.4305315352196
96.67120361815202 99.08740745629709
80.82396832475823 84.36876343970253
84.06679616232971 90.1583263854821
44.50828872339174 230.01521733286324
56.536085436748664 173.10890774941254
90.0745462003856 89.54680005935035
80.68526637223343 83.74099675203979
54.63801644480203 206.34466307638553
91.85185179999186 263.63345858363715
91.53919947422618 252.5897340730183
84.71400908858404 173.76608670749306
5.180960457948225 19.756368873176484
77.36011272027466 88.67321308243791
55.716061693558636 69.80668479154258
40.10283206040081 62.850288541432846
27.02962530884009 56.344974654951535
61.14863260372142 204.77426733685695
97.5670918175646 226.3891813758882
70.21353601060423 229.8525524783971
54.09002016593687 241.60259927342094
72.18947513306108 173.75332428722845
71.39061433444921 78.76195314812215
23.306151424905618 172.86476489339947
32.44234421361929 209.75677767903804
14.090933148833296 217.07059794538327
47.94587208355979 235.0929656848155
27.839049227749634 82.86092872913362
62.03938273771684 75.44726891931958
86.29379432053129 222.9787897198035
50.83890607988559 236.85271357211246
96.85803625034798 116.34293252369316
1.925207188852085 16.623445036987604
59.779786734204485 191.72624648971265
6.799725388028532 188.84578246679422
93.94209808994715 146.16673422315583
38.64658214824078 221.22196757994766
52.98651677745877 104.92394291617262
71.45037628480293 80.63425452484434
79.06526237953031 252.18941613236296
31.838448949682597 212.46020532150044
8.126760335805528 35.73583867914259
90.11666041489812 88.74794568503735
26.806540873488483 51.42109213052419
44.63070729871793 234.4810349761994
73.71870871705435 213.35060558138647
70.00923496901798 246.12537842184653
52.69716642858696 73.91332825640876
99.50334176908635 94.29231485888322
9.476151606705052 139.15085172000468
74.69597793118812 88.27961300606965
20.61792804299155 55.021642063444176
59.73624855066289 184.79097955096933
73.97747830719426 94.09368819467144
99.08298603107873 104.12103664665918
26.51699290562295 172.38406767758434
38.685735390649654 218.31862031538031
54.36152075384088 232.28891677488852
29.466473291390038 190.72782780538557
64.49493728083787 75.90772955469586
84.4585823994916 132.14084689919494
16.54075594940958 206.10546654649832
39.969897751206986 57.389942888706315
89.53239104627104 1825.9962677928204
92.80057060541992 101.05584565084135
25.003532913756644 128.31219044663845
81.68862209192352 191.5700070243551
77.95314600597739 100.17077758912696
76.0287323072131 254.5232700471272
45.74432892777685 77.25174647504305
84.30624920165786 111.4618952105247
87.45403286268274 113.90412654881254
65.35067531211558 89.19565326543761
14.903762054815473 34.793545898915646
26.34479105483579 185.6991007989471
98.25984477988399 262.8552607252435
41.83891361238158 219.8700566543729
37.10415768832962 71.95402770002248
47.74849016506002 236.29270370570052
37.22246310504615 85.6240470755851
36.814692235975286 54.59426788039699
48.737431801746176 10.147301549888319
75.10394322626875 137.70528502921675
95.54443999026144 223.86214151040912
50.01760433098761 129.2349168640427
28.83791888655446 218.842729845061
87.51679901447548 121.95349390742295
36.211037022948645 50.94040219414374
90.85062289652002 152.57576566933167
36.64208208398565 55.885502436549665
50.8822552436881 238.32656633462764
79.22377471995371 257.06995168378455
9.668149598520937 167.6646006783203
14.540137842899338 38.220267429609756
18.77691301674742 131.1968242523639
84.22727411643632 102.73885779836749
71.77602340887624 108.82821268277505
42.56442559432556 73.54795659320945
82.52380063025598 255.88120355910067
79.88304179307521 211.9674837621655
71.20092615581956 79.69232436054291
2.8758601254343152 72.57094564346409
23.298632432159582 173.4649319463564
32.124056087099596 224.77673623656483
1.0887345821483985 157.45168510579842
58.7786320924765 70.25348706811633
70.73157470812667 31.631871861482743
10.648676368423093 165.7808886988028
67.89652786070259 85.26778278494648
72.87904876709915 252.5084770575055
71.87097480957178 121.88660658863691
65.47010159936349 102.17898982501552
58.89537161497811 73.32026993248797
28.56261153374282 195.62805501067936
83.13016932267091 215.80962763559668
1.785866874554498 22.754760089494326
10.332151244459709 193.8243949867531
48.86210354791293 79.02609679129755
46.98343115587893 144.95297171986553
40.62917600189849 128.23641433372876
88.0297666425622 204.39588496088686
31.508068956639324 170.94876754480907
87.16912017538029 89.91614914410877
14.839171413616404 32.73139896744439
65.81459950411468 154.43445150216235
18.155039413883866 45.01557849523699
24.8902710037732 109.2856627832012
78.75384484359444 221.41439550304622
83.06397886350368 212.05912140854895
63.679487820943194 244.61033512100596
51.85499506315848 -134.0868083674685
94.65592312969282 252.07078552876095
54.8542395631602 198.42763384641336
49.30163740358409 63.767063730628344
59.761552564874364 188.84813202408688
43.36914589274461 75.1163986880403
59.5979073068757 161.73780159193547
64.08488097705924 210.25776173120045
91.13663973335926 200.4538807363283
58.53349027636089 76.02585666753347
43.06550403004622 59.17201802567607
24.376907657162526 47.86372851228738
54.08957635944235 241.59977308454052
37.4325035093632 116.65324744884592
17.921895516774722 35.82627995116353
48.44266909564004 193.8942825858985
80.26455489337026 97.97070468273138
7.589945835531154 152.80600275659225
38.924573880619896 195.3775497404897
52.19256860190363 74.88657520905643
97.85211945881301 258.15397626971094
33.66752428105823 51.856813486031506
29.948480529367405 54.483042107972594
27.648622038419155 60.66599159071905
39.725417382295845 60.578056153159864
38.94117325397154 193.7023550712488
44.177265467248446 196.5125460149029
85.8321693138016 246.92370780444725
71.59342578408041 89.43902931906212
68.54171684128166 96.05848414782965
36.90097873102274 57.184715169612886
14.589289875068957 35.89525941591079
61.02315987121186 201.37963780297179
23.945138206895855 50.0800075801749
42.54738108326593 71.84437877971689
64.63426140956459 89.3451439846693
81.05259734226628 97.8292891255795
31.97014382874275 221.2660179506661
1.1221118168464939 154.28768853457962
41.341813105194824 226.14149896363884
64.99667961955527 74.28360492734025
16.3366343211513 207.70617581468807
53.04860940670794 113.96410868695034
89.24728875343665 221.83680614508717
45.524391800620634 310.2491739391725
63.22140318401901 232.58351999632427
58.56097747774327 74.7062738288438
61.66638250292588 78.49387396455845
61.288928619737746 -41.48784059138879
29.091764270295407 219.9513357276059
73.84583037518807 -124.66195661721554
69.75044192511444 250.9502005591453
2.518155185098392 24.162729463870477
87.94230931997812 190.08382568995697
7.789701430804863 179.99238977116352
17.445951686024152 50.883776125072416
88.39124950354554 250.40126763768885
98.41089948263574 252.42616401346334
67.13546722110607 221.52446920042618
99.46728398277338 95.29877071501599
24.98566242904332 125.27705945718114
85.41764884947548 258.75339182082644
78.61156441254977 200.27785303753365
79.94973532746916 210.447860750445
32.04970456560224 224.01201291188573
63.86521477137218 232.10269624815945
82.7730323434059 237.71482148163034
95.04979981046112 264.0200468320508
3.9927515621048126 184.63536808593986
65.46319718317005 101.33442069918014
26.256413601219787 194.77743754161946
61.39198625563416 84.28649766931144
30.669460286990425 54.39744889737862
0.42274023714991005 162.55505157720032
41.24699540239553 218.83743041867837
29.517617543508667 185.50666692876408
27.066595952240846 54.28683328230406
37.380673805683195 108.38773877153028
33.23652900574402 65.92704547603272
16.114722598894147 194.79879140494197
32.426545683836515 211.1001353907928
94.80207145853396 262.0936599780446
65.19459998442517 78.05102151494856
0.03845181564173794 108.24629406669854
58.42793656967895 81.7813025655479
64.89649372186179 76.57887076013053
86.87337759413045 89.7594410830711
44.94446420908964 225.03582154211182
22.50754516110185 210.20334255084725
41.823498083613444 221.09417705764622
53.23095467157193 143.36440332768194
23.421449749722477 170.640178400565
22.891052101221177 209.96919790990006
27.934754759240565 96.84179133053769
58.862400483165004 72.03962968508267
52.436325980072695 66.01847272710243
38.048142158255025 210.7111015114123
13.096745983182178 199.7272200947627
87.54547838600209 125.89924832292824
6.38073832834245 140.91757509338476
9.430780096133272 131.69860793448743
50.05854109462076 136.0091387557832
15.468959566681074 99.29386577405509
0.2980268464771618 148.80157995555987
69.97577262812263 247.85971748099146
37.33498379006054 101.385266839912
81.613054492221 178.92701037131914
82.17154088089784 251.7903113000399
89.10442799662475 236.27994266342873
61.79637009478155 73.3476185893729
79.67007156231136 232.12439412618306
6.5167099867947105 160.80967170056343
66.40908451584694 238.62054927594818
94.44193570180954 227.11444033200095
5.735185328412317 39.974428993316224
12.55842459784805 134.12455458787227
27.509790832706006 50.47424247698452
57.08407371611457 239.35662884311984
78.02232443056411 107.88545466009083
54.63461637244264 206.69003534278642
52.132066201124374 78.23972874364716
77.58656759303301 81.57897008691351
34.630259647697784 170.61914171037083
14.372762302330633 46.728399969528006
87.35817822934166 103.37527283986493
50.08278236437735 140.07119582495451
84.72869853091774 176.25686983625238
19.065282572032814 176.5652627783017
55.01966748793389 11.999652087848467
57.11127989033036 240.67165335196052
80.47689421740255 91.78969320970157
64.35239048542896 251.73975342085186
8.063387427688184 37.890738264667384
57.47004541413835 236.61870266918987
0.5836561809443142 173.5849158605942
63.373119547272964 243.70857634474692
34.263120179504355 109.5586693910485
45.191256900702726 201.9169660254174
54.723624721956064 198.44209922309773
23.837726960411675 55.90331076115663
76.75554632762939 209.4187753940348
63.15609780358834 225.815948641488
56.90222066264603 224.93417032366955
40.69228700363917 138.85612185089252
87.86770018720745 177.50864487159106
65.81249769903506 154.07934808472163
4.0950526714346065 178.865806322473
25.23652590335075 166.85695139326353
99.05980624608543 98.03262739105634
65.84556460858178 159.67820564934067
46.571898002014734 83.82454405239763
12.398813650449991 107.05480520460911
93.48067434536138 94.57699935783354
3.7641225203212003 186.54336522440283
9.046107988434905 68.2081075664669
35.411435319190346 224.03541354104593
48.33027002092211 204.48051896767447
0.43935641607218967 164.05838728399056
3.597963119617298 177.72605055771743
25.92075056334229 217.84351284666968
5.872182648307344 57.70603938808411
45.336655060920286 189.2908889856222
50.678847380010396 226.43103946576156
89.08301064949201 238.45240493235977
56.497209371927546 166.59304747828182
30.069126774563316 64.01180068252874
88.15419111640517 223.1850342736746
20.48616892217927 23.058222283902396
19.631614156573228 211.39274089375584
52.23600684358155 72.5334909692833
97.04269277836643 141.41782930665218
90.6617534674219 124.07203429321874
74.333318147492 81.8225475211653
20.832531574916857 45.25540213785974
18.11566386988368 42.32777184421697
17.42828137868718 49.78717979191337
91.63428822007413 259.1413274673289
33.7551440292999 54.361514551235864
86.15207537928225 216.34796747844013
83.3426433517964 86.0588594786905
88.95760991246402 249.92647930579946
68.5424864565204 96.14040464512874
42.51855968160929 66.0937569967146
72.83235626732456 250.9846275513865
69.07984910430778 177.26807217998018
79.55449150796017 243.00535660413323
64.5461203429 87.82409747639616
23.06478855021925 196.49977239654237
76.8861186487536 225.30951297883564
61.9468113347746 72.61539071478512
63.017278768399045 208.0903961846455
55.14970606990182 83.54909279378691
16.482369322031765 207.8661066660566
58.39422022991053 83.54666573848579
88.82527612852338 258.4578646372976
51.94757255339142 74.11790647281259
56.619473508127285 186.71144339590393
53.71254886092498 217.50095860466814
2.6824248347364743 43.26725179475697
70.37501485262851 213.4117741123864
57.04306485797893 236.94576329317042
67.97834254247373 80.97864420743869
58.25257275905058 82.56956307955473
33.11985466602623 63.7992563359999
51.69274847277078 193.88127380496985
63.9063767418365 228.3310486010931
93.78807660758291 123.66278739032272
97.86121120073636 258.81662827664934
75.82274443868728 243.28073632277398
72.05618959916158 151.22446285883132
33.26754140947161 64.50271916614642
79.07990661772901 252.9691210671321
7.612475994609924 151.10512178675418
76.02057914818083 254.32749225905624
63.946800792013335 224.38506450877645
54.762424482084896 195.90899667977277
8.389547231293104 23.69513445012268
8.906847270019579 49.347242386594175
97.48990121151118 214.85520732860064
87.9537764398027 191.99464785074827
66.53267737053149 246.5185250952216
41.099616425194554 202.67267502667238
24.895160815338112 110.09170980343359
15.924473443264963 172.91305830967707
85.20513485794939 244.67070256152724
33.219635201662655 66.54386436448246
1.0083680694031316 164.3869625290976
96.61671353161594 95.90413523268418
9.374435517707013 122.23342631592998
53.01271149375266 108.65793355509584
6.431999549697243 148.7799260752706
26.33095518179901 187.12461473025942
67.65539467786313 84.25976321406552
91.7409134713277 263.20092283611496
53.569809615395215 198.64760375712353
72.87718343948832 252.46075267891746
42.22282722136078 185.9075148922866
94.55801331892891 242.00203460281443
92.44251975433218 219.1774863791686
57.58575684748068 227.7403016492526
64.89582153485154 76.60256521281177
31.639117303198926 190.15614912277016
28.536394803795627 192.38059608354683
84.06266265141724 89.9324136094416
49.625052891242404 77.2041030126208
53.49820038860298 187.80070988281233
73.54725316293506 212.4075638964332
99.97186689884276 114.78392098177929
3.210955553285477 129.15608652689355
80.14022339972703 -19.99065671403399
2.6522621498117793 39.28947603719133
41.00178541795092 189.24847071562718
76.39614838420155 242.6152020800262
36.5805502933355 58.17621916295822
34.04938420817156 79.03302524577737
94.61632202540977 248.3002007063524
97.62927370683143 234.9264813684898
79.50520546319136 246.92165926280308
99.91157760142583 108.62722291527335
42.37940801252614 290.0124991393234
24.698027683414637 79.87342556567606
94.26918480851587 200.6066557636191
4.9980930106995665 28.928689580188507
70.62131098701084 235.86463726337067
45.47270400119695 206.5357285522985
60.94361399765328 208.23891572088849
96.23887427949353 97.304359252052
78.74382446446869 220.03766067298926
34.70348159250138 181.90684125124858
92.13941324209031 248.18827060533374
91.22954656151053 215.1269525084004
85.896180714923 241.19811101499886
68.00831617854503 79.6491738801628
72.08798817202621 156.56500256897505
42.25091078420793 186.0431479158167
29.07843365905327 220.3859710186463
42.568664423231894 73.84083592768403
31.290362968151687 134.8623725852602
3.2744768989183104 139.14398098567992
76.58377879812642 224.64470169747796
50.590428162813424 217.55007275849164
43.17535956174374 61.78682948338967
77.83201042135615 89.68732821780858
37.00437329402904 63.2219105590937
20.23501864263475 165.85357690881807
37.31833355843065 98.9109768464647
35.65632358519123 205.74164252375937
96.4465597560118 91.67873383380474
87.86521177502486 177.08678359711922
90.6652932113625 124.55274076457857
13.08069265459919 198.80814065335753
18.121124537711886 42.67347404586076
79.4137443296774 252.66728960545146
81.38012253095242 140.14591168746745
97.53132875374484 221.16107015972574
10.60173974157741 170.5905940435281
31.069010006628506 98.61120165908248
95.56212295807153 222.3964325591477
40.99749820978141 188.61978822457712
3.1864106535295256 125.16377838832648
51.10360750114942 236.70489060454105
72.8072493765755 249.88324184999425
0.6580653430227623 175.93157040569122
2.547159060505788 27.05285704782268
8.653225751465932 27.082005352295642
50.97696034270397 239.48742447544365
95.60148706927293 219.76837182834169
15.18240557324998 57.56542517998862
86.74311567391072 96.17251350775287
52.87420221000508 90.4630633280394
2.952410618513679 85.40002540745233
25.249755966214018 168.89813369960652
55.99086591730747 89.76691421354917
49.36878163416266 64.00471364194355
46.695510901792325 99.38099129804189
87.06311933915596 86.9925242103865
68.21787866104657 76.33014637329885
30.763558331077967 61.192794677188104
6.764094945125665 186.53191646828623
65.42829862698422 97.23452758881515
91.14036317288992 201.06031565767321
4.249940227953719 165.69565654268487
10.803008618015165 153.88434468965843
29.767801948473394 195.62845643968436
9.330506533900063 114.75990867784046
27.188989376068996 48.47180241763833
68.24526123778625 76.79996848334054
87.52376209633749 122.89689794867402
77.63004437679916 81.70994647071177
86.84284425125146 91.02642901085085
52.629615418953314 69.92088869630024
89.62830071433682 90.5413507731882
55.10680862970965 79.86364320725536
43.21888109804295 63.82459825119515
52.25545476506617 71.546947277601
6.621378376808417 173.60599573295494
74.85033313647914 102.55452937953578
55.085339588484516 75.22470268880252
76.24316234680919 252.24629034919093
48.75730139724029 44.22676701771615
73.69628799756242 209.11323509731142
21.875121151463027 127.30739602196113
38.70428703416484 216.82484216676576
50.199054985322746 159.76288712371615
52.37761407873987 66.95776390795496
63.89315110910465 229.57315696307057
43.9425617010103 159.68261145849058
49.07588852086179 71.30918012732178
15.364877816556222 82.65184847251359
13.137414432618522 201.70058701825286
56.362351319797156 143.7715350165405
11.833338664106963 34.21775079455225
55.96806986820015 87.31766828781646
52.76703264745517 79.43406361436152
24.94145990593565 117.80805311114392
79.21537603711917 257.0096284494954
38.726764050517204 214.9213503198076
76.82374506892081 209.49695874684875
86.12825108783572 218.1872764836327
9.64290117277784 164.27869604619843
50.141318812661105 149.97172268032617
49.37129485512961 64.03915747783496
30.855274349443327 70.17593855805758
22.62480760415938 214.96258046645383
66.42620606176644 239.98529522232536
74.68163827369257 87.2891976617721
86.3258400346205 241.37914920575253
68.4413900286659 86.71762685563854
63.4517718616869 246.7331493293762
89.47318011155785 248.92598354616928
96.33703421227624 93.36051791694338
93.33370785761842 90.17641995046651
14.826914955552395 32.48141683479883
64.18654971983122 202.05736105140224
90.77830663382449 141.0623942512661
85.60546502407828 259.5982329808536
98.56078796932786 237.8870423165648
42.764810027075995 68.20534865566596
92.99664157500528 101.15265454536329
40.49684630278466 106.973326623385
18.351864295122933 64.80038928650067
80.29704604624051 99.19473268037879
4.413324652918583 149.39801259982843
37.540823058905715 134.67267898010635
50.64386049925397 223.1646933706828
22.575262616143277 213.47546722901757
62.457264397599154 117.76171088784923
88.82570617089888 258.4374990561357
55.76184428757246 71.60859404643564
45.2833082716635 193.03296497911072
91.76867996032718 263.67190646858296
46.80581685017579 115.71958929515517
1.849555183847229 20.529414561968615
72.83960785594424 251.26616512033218
25.30595773949399 177.2740871365791
48.611030058719216 206.9246070515381
64.25398973906442 201.77072789308906
50.46955860043262 202.35124595685284
89.72678718911529 104.34194802149405
2.8264287107583774 64.57007583527955
90.27515401519776 90.22712303265061
65.53385863313572 110.46478221805147
93.70738192235791 113.6874100939566
6.4253806164045635 147.78694042193544
7.101694752972798 192.62509834350544
40.59499425985453 122.57995668190662
33.18340932079447 67.22287412788245
38.92357630211984 195.47917943935863
34.30289743916736 115.98201517168917
44.6559696290626 234.81618109845448
24.59203643781789 66.44023824198167
3.1108185004688482 112.52875390898956
31.24702692542437 127.51625338548232
87.43655348367987 111.81757431389664
53.694726462508605 215.38557036833362
89.56184447739558 -34.532647428998246
78.70725421354533 214.85447724070923
84.80669059691628 189.3901035699034
13.60711855676724 188.41455812114796
77.98797786784203 103.90877034451944
59.30836290290268 114.67036350247636
13.080631774263928 198.80450564510747
63.07128905320047 215.47556968425872
80.44931305325146 93.33283139190897
14.337457887287886 47.46451059699432
79.96264924101729 211.07954761492226
72.00853284784513 143.33372568009224
72.90829586127057 253.11321255821986
81.9985326529926 236.09907597489752
79.28326262937284 256.86536234933254
12.514433023611794 126.72372131620112
37.75821670613332 171.05273774153062
81.95447236669496 230.86127329450042
86.04894375039002 225.70129924720703
78.94856644152807 243.68662867553803
29.803556421486753 245.49775515643896
3.93755810676486 186.55182650083785
44.29875151706673 212.02759787591754
81.12880939194747 105.58501836669768
43.91846605841116 155.61968349498872
32.25578978313717 221.93977821161636
83.07257183629805 211.95483647663838
11.741981064102337 29.701487715905607
72.81415745035571 250.20582125864445
61.62879053699275 80.5036772664809
74.22850986861059 86.34369844346767
65.85758834420011 161.71798472368658
7.723934631596274 151.20174243928656
90.40421253246033 96.95306639251513
37.936684704771714 197.40700366143324
78.07488902616333 114.49246006272062
26.91583045829121 61.32575089609114
79.18414652849009 256.5903328766822
48.678711338709725 449.3013456456859
20.45867475372828 -27.249248080631425
72.80628024137964 249.8368047793686
44.782260104343095 233.5091627731677
88.95785729552746 249.90663425997775
31.989968790192556 222.13572368854415
72.20721333569682 176.74572856465767
39.98974222248545 57.86797132772673
81.11606813935155 104.18493542027403
48.18729429620711 218.8596983170059
92.79510325921254 99.97348081343478
49.1609583415228 67.20480663725732
51.20391027275225 231.2393336322775
51.799506388831716 277.80908037387326
62.74655119451786 164.94166820908669
96.41276683476272 91.85142253944228
48.416291141043054 196.07139766389668
11.499518876298376 29.58146507376895
13.795292282606198 169.77551888586805
62.84732651963786 181.82041694842172
12.603111686888857 141.5093575068122
52.07231148935484 80.96299912837486
89.6970947522229 103.56702046809207
34.011406932678575 74.55738805081569
48.35671109243664 201.77442242582384
91.50498072712249 249.59078968351236
43.54706528838052 96.0956238366372
91.18568591544654 208.32879449911633
51.800333785445915 280.8066856152105
86.85634146274732 90.44346473186665
47.52309857683266 222.90765683341345
90.30461309166466 91.32394553951313
8.298317338340432 26.857764593876038
84.29733927599663 110.40211500025116
87.63952521624067 139.83515252160964
49.1930265498618 65.99958874269333
24.197567611002334 42.664601095431195
43.802876040728236 136.0351218092162
68.43697583354819 86.3700873235957
9.424549306892803 130.66169906272114
59.48841804132407 143.2339821752647
4.0050022593330015 184.09170641080112
77.85343011123396 91.242795909321
84.8381004330963 194.59033225203896
99.05295712113792 95.34208302850405
99.14238576098649 109.10332736553787
21.86524776280525 125.6278775171376
26.554912129560783 173.1458062105331
9.323428633930286 113.55220762563212
35.86241465482725 185.29682299684222
97.67438293811998 240.62129929356163
23.603334064474414 -14.705388579094574
24.27616396478529 43.75857750703769
40.95227057862972 181.81069938986803
79.1804715740094 256.5207561109304
39.86059702191586 56.83461949235524
5.442191586382917 18.23588921123013
77.54950679547301 81.89131227202226
78.02731001323386 108.48572398431523
75.49565384037344 202.52663732454437
21.87804863920534 127.80544943268399
99.72524184216726 95.98962341100007
85.30531729956057 252.98073826980948
60.404669888828465 245.79863261077435
35.12883373050175 224.73564084405353
37.75253132086438 170.13867238633196
46.63479732112328 91.32328328647435
16.716456769093202 195.2204472529326
67.9347023783326 83.1751175819389
7.94236036559306 21.968249213704144
13.657528776795191 183.7367639345249
47.02918768111834 152.71909083338892
8.031741811679904 37.788799067709775
55.33647887883172 76.89996998876762
77.48490870727588 83.31265624918316
56.2504409851721 125.41836000401608
49.3840310708876 64.24251947403577
68.35689855220143 81.04331256826728
96.32224480695939 93.82366527823818
7.0383725032356015 194.17753947943982
7.8566940286418525 -1751.7889560087299
12.781687553878761 168.59739773091584
81.88718026202608 222.03413467617742
5.486933440795482 19.94261699164853
87.47425033358695 116.40420970020878
0.34063213148017857 153.9726458868534
50.568706745237876 215.06246747837497
75.71238451155287 232.22276582233374
51.94436026686004 73.25154370406294
82.85431253428052 229.47833529646903
67.75348049490097 91.80977243047346
5.54652022691251 23.147387841198665
44.47480420094 227.9862119653617
83.02493431653454 213.68984027840253
49.56715763153562 72.53564312714674
62.17702334331797 84.37259732433148
14.502743274670049 40.20268136966129
64.17589708684102 202.6501071922382
23.754947563701823 58.360320221413694
44.583640312469306 233.3196131898522
22.066462538486054 159.1531420441627
30.289751038336654 53.07401938654722
2.606891280976642 33.68319874433574
79.75539102197806 223.31279483284897
43.48812040671049 88.34316521951729
52.63301219892794 70.08929086661385
42.56012114844183 73.20210318340007
91.94579006870175 261.0448706239
10.786494977997819 154.44486989187732
44.5945630847238 233.651365520909
87.25440839915025 94.71164626198862
67.73113561459782 91.88933479590675
98.84909730131093 226.32165348176892
66.17420974780451 212.19945239020183
85.96118518022705 234.76964786863724
