13.2901187964252 53.6361400999848
29.683745404568494 91.22746435613834
43.8139518028543 72.2197789904898
69.2065778780334 93.70003852044319
40.61072758628161 68.6326938282841
34.70143631409102 70.23292996805353
96.18254692031842 85.5890156267165
17.99153051552804 36.83311046458018
27.83433168594861 53.87275541534807
34.85521781014839 72.50723050877426
20.882692817289982 35.8690274627091
95.52087706992918 121.82637172841494
30.608221796342463 50.49097802527726
60.04130094584428 91.60096008671127
54.06466308699447 90.32706693495393
41.92898305466889 84.30688944557735
53.28750333688376 79.90519458548634
76.50690766257239 107.2895164653793
51.76469928829862 146.56235213351746
45.95813248271416 56.560852515872675
45.299012646334766 93.79334727481506
32.6515894604641 79.76624880957044
98.74615469840212 129.09228416529191
20.316072490017923 98.14385187461869
84.96194011172557 103.42398641053043
2.095244824910014 5.884113934484324
16.20222776331556 55.83248843624286
40.535776984453086 67.20683127706975
78.04074267373402 88.42700975199963
92.40921141888504 121.76576131396487
45.057210542324 86.52127727553741
28.080271912468902 58.55148129584066
87.12851236904187 88.0860899318909
22.27026511532668 60.42298294364521
58.32164423674565 53.817107222078896
64.4780926013763 17.275532595781286
37.87953939708437 73.41584690410286
61.94583653348158 72.70408636089877
60.065698690441515 91.89413474347045
49.12866305162537 59.609013950514544
21.69219436850337 50.22272326052731
72.87359122888584 101.90178146910006
99.44975008022179 90.46652512738486
37.82574328260322 72.56283466604378
95.44567565546967 119.21237199852436
21.97007292221862 55.5117969627407
96.07671353652044 80.44534264964294
95.23098103794727 116.16614968373538
29.19187628354728 72.20106791183694
58.767197944508375 70.09788489651545
70.25976861703693 104.20767954474229
54.52681326222999 93.82312325524254
41.04665097741804 76.30518205365405
69.32672867590033 95.58155729566525
43.03397555877198 58.64855985525891
68.491053126797 80.76267144099141
85.17627381732302 106.4314786523513
55.44187579382385 64.66707382654849
40.94020311638526 74.62045517536477
20.592759103560788 18.785019902348882
39.79145334987917 54.43632570526728
36.4402974480151 45.828143341709854
32.691031333518175 81.3595015861135
3.1523133940857817 26.936425538243128
88.00729799082411 103.52856232433422
94.02017039982195 101.91334571859394
85.50847369009217 109.43643923114107
61.08964949752962 113.20622721440587
46.40931392427 64.69981611795858
68.75106458734162 85.3858502711584
91.01290685767059 102.77666786309986
92.91532213275427 77.33851376965838
47.508831617912904 83.42371134217305
38.5588132337769 79.96373619361269
54.306145187278595 91.76361006397207
77.32483013517582 75.16855066711656
95.8998797934671 39.627980617838496
80.1645691806352 0.3257169688040875
61.595433626588694 64.90952558068825
25.353040911307755 62.79160432075308
91.93215382624906 113.58197977366045
69.26700536546642 94.67361386417348
93.81093783096112 98.02622929627914
89.08430857009544 114.36497715348375
36.3479468994128 39.57677891370392
99.11291629118726 69.38789079763923
56.250863791479134 78.6693635168291
27.247668077598497 43.960637919839264
40.550156141312485 67.47996116651943
9.65048492111954 43.580334602088975
94.17845913105498 104.84525654619415
85.94654357938668 112.745776053451
42.878503383841014 55.75440052873367
76.84764487197657 134.17043217238367
11.450959786172243 23.856536363841464
86.18778131771757 123.37498909439799
1.8088847623273674 -5.624992524603648
81.47685220552148 95.63414392271716
5.176933437878195 12.972396800381016
50.39330891037914 82.06688984148758
99.00765417265985 -2.2710734496049128
96.32732774287692 89.26291054205142
92.24793004460237 116.38028668557521
29.394327304714707 74.2012049120185
84.4356540357467 93.9386824654755
44.939701644941366 85.44484433667463
0.5200535445021304 23.014708805372578
2.7818833574285162 19.225411574538025
87.56372209895669 95.38359453001817
93.30223050552846 89.68455769423404
55.8109165048426 70.9269284843344
81.92890820123644 103.32809305543596
52.68896452282392 69.10818432691163
32.935077753148114 158.74955268356223
62.34675133263513 79.28722058892924
32.25508664210379 74.55936330868174
57.108087116957876 91.68997949967087
37.223549887176524 61.50369974154678
26.665258415584013 186.6602782430171
36.01836457417835 110.6757348717012
29.31394342679785 73.17689239894315
0.8287548136380218 26.818055564370617
26.437587641183946 77.16109007369616
65.38079380925352 79.37173324477344
29.05594283536179 71.38458899399532
12.155263912466452 36.49024068124514
99.61513287055716 93.35573818231681
54.23698846348246 91.3659338928876
84.70131403018556 98.90230440721275
35.29597653270741 76.66967810384178
3.712535103025094 35.47565170096137
8.889311274318201 29.280901293616722
97.35437072710013 107.06744082653664
79.64385764715438 109.00094075626055
82.45255739022255 108.23168824106405
8.01317109370947 -0.5883289608731097
38.54784932621092 79.90017792481714
57.08230236426151 91.46849120645399
71.81285770862615 85.79061542393326
56.56301213534589 84.45119213735991
66.70423757506633 98.89112755615348
9.1913266794468 35.1599485451582
22.01482509143985 56.319572908764826
32.85711505794263 101.30425089328081
93.39649563199369 91.15897787819112
10.984311075620711 481.1827001064114
83.8458498854408 84.15870675639958
68.16763384740379 75.6262698676565
80.18326389985285 24.00187422086941
55.66973638517966 68.7167112573332
9.354489866067828 38.36774687514056
91.65746582713405 111.79471230168835
43.97735637642154 75.23131089053015
48.124911133422565 88.08234451992783
37.667977642339665 69.84030802417139
67.34653716330632 113.52880657493584
32.799354108503906 90.0127118436936
48.94266154358172 51.65673884401418
58.52374427539701 65.2482973659596
14.174997876498786 -90.90059721226791
2.8995183327503504 21.713339006120115
73.77089175286312 178.92852393401887
4.98493272358661 5.689126762259615
93.646374799252 95.14107465400036
60.18241328130465 93.13904033508803
10.138953491802628 48.969940530432964
45.871927781931376 53.50106048561746
25.63338950226295 66.26620233455466
56.98334870669157 90.50559893699116
3.618755751457725 34.44902205450859
73.61169456808244 115.35173289157004
44.0120547571018 75.84286801157123
24.153764096532537 41.70833534776386
58.66887826447983 68.44902170802688
56.09735744726796 75.81397654180522
14.614315985591798 28.716452977718458
34.88171802836752 72.85711758042997
87.38997673638355 92.29334961568769
94.13974021866802 104.13878398747612
14.157986936593858 -198.73955015566605
94.00021990384825 101.53894950765707
61.36375522385652 32.64890782161204
59.82702883420876 88.56395650749673
72.4777768198181 97.58549794159396
93.64021839634424 95.03748467011899
95.06144206649593 115.13957110606523
40.64523647511087 69.28869402537605
58.331680235400604 54.92005250042688
87.97638567840742 102.99547576715827
94.74914999471781 112.98226804918474
56.82607776576126 88.59256483355429
71.52662545744735 80.91195644454356
0.3358275725292237 19.730986188389277
69.5042147798766 97.91247246275098
93.63071708389464 94.87825883875036
23.95494291893844 37.371031959149086
16.4251353760967 57.67262213541626
21.64550810322945 49.32518137744482
16.024619983498656 53.73526907576637
59.011297153153876 73.94766290951692
32.81361166183946 92.06166581763843
31.546719434041204 67.2908146903486
95.39894993075681 118.17484419335246
43.689438218798756 69.8568439349975
55.08032054099561 28.413754076305672
68.96787096388385 89.45756935699035
17.08357475193586 73.09414797088365
5.134349278566342 11.876534496075234
96.51521362183905 92.41809486512435
0.554528152493905 23.528867525871235
90.33973589016647 90.83220756644151
48.51707850224351 103.75233285070072
90.10852578733129 87.18125865520919
78.13593980010096 90.14907843882656
80.31914565537154 67.77631288002944
96.87257145369493 98.2066906753444
64.84238464168735 70.18050208259055
0.1291560215347043 14.692973510889455
46.631309743470574 68.48524808457918
16.67634915367643 59.31549589976942
24.510896026143513 47.54639075716871
41.78403593714911 82.96141516228381
27.84850027119643 54.13628480394401
31.7840311284592 70.6871994897365
19.528447063825062 61.11805368946561
60.5329521224098 95.58619901988257
80.5564989372219 79.55363324007112
59.62942510219609 85.16883317578147
50.88656862467285 87.89834877931483
75.35369580105143 95.04018414823588
26.355423363080522 73.5455083443087
48.41595638949195 94.60581276740828
55.187441919457534 52.55478722026922
64.53796678857466 46.09810211443895
22.905766897230063 66.01529182544351
64.86986618056562 70.81916799620224
69.78923407607569 100.43914060038445
78.7490953840262 101.02548179018466
94.45915149568425 109.50448550052197
63.847154030042056 98.7273383467396
41.22041306340633 78.64258620267049
87.23097045611411 89.68074462617716
22.67495237338235 64.57413629013337
86.25542379659586 134.5112917960504
78.33593180273846 93.88944692468233
53.09095519721596 76.19914282258283
96.719775042943 95.62226114399272
29.290211599072833 72.9480764449014
22.1370673981396 58.40542977712687
40.66927625989768 69.74425356091007
50.955241745046735 88.37345434236681
23.89513930137349 35.261822013428954
19.394798086265684 60.048659636444185
23.664755936939883 3.012602921993377
98.4096067948043 118.0653636910549
8.127741507860176 11.945602604255352
1.9745229716763513 2.7839344441082314
16.43930328144293 57.76681005443139
14.691837559989251 30.273997304118648
26.740356627159258 -80.46139223137027
67.73824756725811 58.77069550799397
67.0037343632497 100.80601067362498
19.802556608830045 62.88015602720376
37.18394098959264 60.78926599987803
86.63370858978838 74.15011187795255
7.371700882215892 46.7080853920887
85.26191134595152 107.39778480234838
56.53918076819898 84.03081650086881
87.96924250555256 102.87083078545557
85.10372172844153 105.50400706887697
42.16050204946652 91.62694377560294
95.72319849202866 155.28541862069974
73.8215324710364 938.1730328916925
63.193299704065055 93.72856967074573
98.73924572034618 128.4362904763422
70.44027459593876 111.00456757143604
68.70198016323091 84.47780960086585
46.127013637194494 60.185655166197286
7.654860146066033 58.9674037499594
66.97620733475827 100.56253934022988
97.04307865470876 101.29908486534545
40.83301524453384 72.7697061255586
83.78415397523601 83.07885488723916
56.36261071273636 80.78125359786826
69.92121090604637 101.22206593641832
16.675255617426732 59.306944740309476
45.71372341776452 38.98598627359491
4.458093928855367 47.58883255306007
40.10633323668685 59.60136792745036
77.14085745824372 61.14405940337032
51.54471708275927 96.17190179893966
91.52895187281447 110.56850267897362
69.07154210861836 91.36092132964446
64.0218866374813 101.33508788428631
3.268325245138315 29.140270188669458
46.793442589030455 71.48127912793362
25.990844436073303 68.84119888093205
6.973486070236334 43.40099831979561
15.835904288794378 50.87476430466631
71.67101092997673 83.28770059695502
88.24095792120215 107.1325667787945
69.79073981328938 100.44900622644867
45.675469208130046 29.5506331063865
82.67680028611106 109.59464592758603
5.163412075824247 12.641738942922077
78.75482591533996 101.1095657025923
59.49840896216102 82.73608135509713
89.65168852191313 54.56983725054022
23.302395405321974 74.40808711203468
95.70379427090731 146.62870914491614
9.0279281373007 31.92640334698555
95.17462437999875 115.78157055131713
21.937159085547375 54.905735210524234
0.8123134485100159 26.64630700832369
22.816830969073887 65.46628840711307
60.43100687833382 95.00873168170429
10.322372551757608 50.191498538190274
35.05424182089049 74.80887981766024
71.47701584754758 80.13089419218626
57.2568257510493 92.76311083206521
69.10988783075439 92.04466592226267
94.39607758641199 108.54905893533285
22.872950572275354 65.80601937106418
53.95601218350989 89.49314528055012
3.6507499781282093 34.81755218360921
57.56456025661677 94.69907781662629
81.95903558264874 103.74353006253851
26.52441449627615 85.37896078426212
96.02638374577896 76.0700178707423
62.1579755864291 76.04902129393017
14.481433268691646 24.866324691046813
60.08038793860999 92.06515932101863
38.060132349438014 75.92238881277493
74.40622925905322 78.60853786319693
72.52134971841626 98.20288595048
61.740524215456446 69.111074619161
93.1671495761941 87.27688674335013
72.21732213414508 93.305186781878
60.9589115577735 101.96966270656017
37.04860816861687 58.44592774005615
88.42438015909549 109.29760360118166
56.39535948867969 81.39663228558499
97.25665098292542 105.28967937379952
13.668067535077654 56.69638623428641
59.29681054759958 78.94505907062936
69.5543566683464 98.46371478814088
0.6247673992551883 24.492313488186603
41.17728141400065 78.1143549632996
44.47386274369973 82.24520400648272
19.538409902891495 61.187554563507845
78.02082629469128 88.07491395688122
11.268433302542025 16.94996506119157
20.061542666118527 66.68399245905252
11.65880923344419 27.81886007819562
45.422907512057186 111.2147985386916
3.845635274603021 36.68214037322028
68.48645469860499 80.685764763866
54.66514428010607 97.38566718656435
17.080474217941944 72.72493411481574
83.79889561674483 83.34780271177655
54.56460391327076 94.48976639805825
43.405490642855504 64.65733936330545
5.284361591771236 15.224150995464225
41.09469894527202 77.00599082353403
95.56769397714218 124.46251807178257
75.44505511536927 96.6436394142073
0.3683530747359609 20.381883211249953
0.062053201298417626 12.52521290689667
80.03403419771189 159.5711835628209
98.19448634013423 116.69106417470022
57.138627834507425 91.93753639512236
48.159387226044345 88.39377877480314
86.72126959318493 79.26809338080959
98.37914808715644 117.81295386131782
54.46341241984667 92.99640919645162
39.462236873250646 39.07438982920341
43.90079543130572 73.84242752400425
43.028742996790506 58.56271258094383
69.6539272542449 99.41719681376823
96.75878767823126 96.2630678944856
75.86573762718952 102.43733536887824
5.204337478428933 13.602381492984723
7.589174473452342 53.36039689780425
53.887920025985316 88.86811255933378
90.29381901305615 90.11976048448147
70.76741996665014 26.03235231517607
47.4545652416706 82.76168166657425
44.73504388959781 84.21831437796195
8.725564999774537 26.35205747156852
58.353375958582234 56.96804287438907
70.9164700630443 64.50919901961714
15.783405556239371 49.97973569013796
52.151336279034076 57.81904126773938
93.2472453653839 88.77250775260997
4.26238721398422 40.64224643160899
41.62456673864754 82.00941934574888
55.00617717751537 -98.76477358249302
71.96353760586976 88.58591068922118
69.64542272285621 99.34288977561167
10.916519050063355 101.13115752814572
20.931297041225427 36.9087556366645
2.8511898643018285 20.689075920719127
27.101730334331798 40.636130992696124
36.91363409732106 56.25539776932864
87.0134441900423 86.28507394847713
47.58702296838572 84.2784839597826
26.721524517698526 -222.47045851396769
95.10543505934051 115.37975568803526
39.65057895097327 51.02552563265807
35.56573596215724 78.40304976902286
20.427537926011354 -646.7057515886554
33.48087320408592 48.69576300652328
96.36986817396239 90.0540604617036
2.58680895879172 15.224612286756296
18.593500108769646 47.5503327080087
61.65573319683622 66.99713985120634
50.092151492695294 76.71308848138698
58.19701360987136 15.044477031907661
27.804207941042534 53.3167955357972
36.07671926513607 161.51551072858524
85.01619833865452 104.25919954729278
7.357238139866928 46.51110982072259
61.34168377343083 19.510521395299392
82.96615566946922 115.73234578374131
72.08879972179633 90.94210939524949
25.906155736189795 68.33785632135472
65.46398682318612 80.81804819067357
62.802133224880286 87.7383107141601
58.02129610266803 132.15958525242297
30.000564381338577 25.148803997975676
77.7661178862228 83.86088463091576
45.551637960070636 3506.7125458810087
55.087945765458166 31.731096836757068
95.58076460044249 125.41746412117865
20.978940652865052 37.81382363162348
78.42126159548847 95.48090197216871
55.179922769898795 51.71687315126972
65.91457514984992 89.17097375384049
22.67128184856918 64.54874570901961
22.987208722936504 66.61781434667786
29.451829326990197 75.30219657762893
9.121505896614224 33.77107411323314
41.00904865274838 75.72988485172141
56.40023634127959 81.48795169229331
23.338648561414555 77.16501530383698
66.2075982887406 93.99977472169124
49.79340773240815 71.11763998267664
0.45996201739979536 22.04709234637966
2.879792612367982 21.295257337306268
0.7928056216440771 26.440897671309365
73.90342731801125 23.424641187163765
0.1219355146383605 14.479435728338352
3.5879645947424543 34.07583329437927
75.25540758062816 93.23902397196856
83.68148520606654 80.87935217580123
33.897500231250156 55.64888307203126
90.71988130724739 97.31545133449151
97.23956316873216 104.97311360648614
40.56066559100873 67.67979532283977
76.02206571352984 103.77256845194333
69.48604200532543 97.70077632634045
55.64375616901786 68.30869294467948
36.904799536722756 56.11576016699016
24.822229534458707 53.25945529373988
71.37937059668793 78.61587041780723
54.19365030760252 91.12221913338405
80.13484235983826 -113.08762617653909
3.8828829203811477 36.97924640871912
76.97301772053274 -1159.0237524426911
58.66691679494861 68.41367499866297
62.79587680303609 87.6260790097666
99.11587928982715 69.98784632822569
71.86762890706359 86.79496682524396
65.87655527867705 88.47618516095822
39.536958208426775 45.896334363480555
65.41963107205115 80.03967951615512
6.303799294738743 34.455625969364846
46.80647399216217 71.72731490781328
86.28524706205786 144.12121571979537
77.54513792134058 80.36491222076369
92.65714003413127 352.4404248383008
51.17895437766254 89.68845696515396
63.48599278171553 96.45510295405865
89.25003375527321 119.15356611276205
27.397339073403735 46.47599842540595
76.32842970915858 105.60955752625257
46.36224970170295 63.947457640876934
99.69397514392514 94.57679139884871
79.82583009087676 114.05558870695491
24.641951912692683 49.86967139706241
87.04621519648809 86.80814336835567
48.655276091654386 201.03906345180064
73.95805786534649 50.47598141757055
87.41777296114786 92.77206841256962
58.585379613435116 66.79033617505154
27.53172358771475 48.61687767038037
98.15721734888679 116.48585448714019
62.872577158632595 88.9758241685916
62.143008426642076 75.80515542412576
56.05452549277502 75.0407737258924
23.641026059889512 -11.38610912039185
99.52217783989892 91.8299521148637
27.20253446747002 43.084464142731115
50.88018815752137 87.85081439137834
49.95801407236229 74.17387501629646
60.930376950919154 100.83533419433948
78.7787142140965 101.45408233036548
62.404896985431776 80.34151789278233
40.16975189880575 60.63431522039821
18.295722959571115 41.93046988705292
74.45842058328111 79.46996158768697
96.1782229222751 85.43881991045147
29.6691247600001 88.80564662927922
19.27309254342875 58.80675772444872
30.126655180520913 38.7823617614616
86.86357434181274 83.53285724996954
6.97542202596062 43.415810242381525
54.69336587651517 98.67926756716425
44.6982561386394 83.99478446313267
82.78144339049989 110.68828610301048
70.37842089075751 107.55967929291265
76.02036156951486 103.76022148239146
54.685449095433924 98.28592027191581
78.58712302264831 98.44174084345045
81.41572931311768 94.48516624579283
97.47725947649201 109.18184616283884
90.51191390949438 93.62449635762063
49.54693759519072 66.90392612695572
40.08411253491933 59.24599292375054
0.5389155493199516 23.299570258833093
66.02856642744108 91.17877991279165
64.5641401808502 51.884809537688106
84.22426874172339 90.18747914576227
60.66868873114877 96.43667501543842
29.233570048758505 72.48748449551697
6.682150717865721 40.498679006435914
97.61169958316216 111.26673035696894
26.20388817073159 70.54412491593537
18.098414426468402 38.55880289218694
46.144773326906204 60.489547812466
33.531116147229035 49.67199948264725
68.35476039862853 78.55515306661809
87.33586327159013 91.38050781846513
61.40931344862928 47.24223638769377
24.539083219654945 48.03377308186947
35.11955365590931 75.40192499076949
60.11129754230837 92.41150932750355
54.52636544502782 93.81613488157048
25.64943557627065 66.42018436713866
47.79868784165164 86.0393741863904
29.76966870457465 125.62524265515614
6.2017208110711985 32.48866490694646
6.549524551891695 38.65682372952682
71.75836404900254 84.81051647399674
20.81988394138857 34.243575947123354
72.84300420543032 101.66965662992996
40.43079855481327 65.23241231638887
60.272571393442895 93.92737257969964
21.48443126812014 46.306468319546184
58.53605281785015 65.58734393538397
23.693499703062347 13.41403473140474
87.81362206634128 100.05091026209777
74.75351426001654 84.1308210231839
17.45825164433159 16.27790842673934
77.9662793654174 87.12716848692284
5.761957322119415 23.7114921702828
96.18371693800954 85.62906024625953
57.20898267566614 92.45180853357962
1.2262521727654296 33.39215603956144
5.127090514714716 11.67198055380728
66.5229590659986 97.60453814409962
39.02567468121818 89.64206494384284
77.72410131806807 83.20806208469652
75.75656015192055 101.23703539814447
65.82671865001518 87.55228427958524
65.30286995577727 78.0708275867532
82.35332783525755 107.63431470737325
21.274060399401527 42.66056215992317
39.63946402595555 50.662274961544384
55.86915892252578 71.86597425164938
71.14071423533372 74.35085962958904
38.349861373298 78.68308756049909
29.51753344488828 77.21631675121124
80.88647626988258 85.29406372204504
7.3347779778980655 46.23222494437053
99.94555938180018 98.60527840923645
41.89215591609498 83.87218054665482
48.46904978522536 98.26885927321872
26.69709331168043 831.6222478416138
12.073033853502702 34.93135480939006
90.12853207401726 87.51925944534666
85.60958796147106 110.03138741153911
36.448516690907915 46.20502890020933
86.01687974614802 114.1605077231517
77.7358493875983 83.39002723821896
0.9407660802489226 28.00476004262535
8.80336890970036 27.71543086318282
22.605711566630802 64.06495833261755
10.414336060314211 50.896365777732406
35.096404370419435 75.20045702070357
77.98993728944971 87.53516110624668
73.00384105173549 102.74754200720827
61.02549444026471 105.94624518307803
87.28288891259716 90.5112024498075
82.70823299539084 109.86396610158036
46.73370641151472 70.36110711266211
79.55950337017397 108.05530071716541
53.50392836648864 83.74039382943027
28.810030039064436 69.60741226616409
92.49111256064853 129.11240743577042
64.79212565819478 68.81726024129559
84.74045639844839 99.62087260281888
54.01004912060146 89.93117436949055
12.330019151147697 39.903946953023144
73.10363638165423 103.30532433013683
88.35992130665414 108.60976891631688
83.37320826021876 52.8244381326758
46.964188002446384 74.7146097288913
0.9493610389611273 28.101069912490285
36.54020581555398 49.40276723577992
10.1173545657404 48.81452773994634
73.42608742123006 106.54946463702339
97.29884899153718 106.06510704103168
98.19866753182956 116.71381856774659
44.941880932879464 85.46033166052078
46.080119536711535 59.338502376877564
40.61721380143235 68.75611510603827
91.45399220678445 109.7085789605361
79.96757119672068 129.93554653746492
64.83887804371442 70.0943215212036
25.77289538190296 67.45560443768935
34.0106902693805 57.59315393636753
17.857151636457747 34.60046294973389
27.563890286112002 49.14048546647758
40.099510132780566 59.49192729960619
70.91076758804485 63.995505377438704
30.437752839465094 47.74525711724579
58.657315993697765 68.23869219552006
96.96777172746398 99.91178103327026
98.02234845370778 115.6483750953798
64.48947093448376 25.861678448282724
45.52400389204604 243.65892423468492
5.585877045314557 20.477025027786524
52.15987111113295 58.20125613582925
17.54590327856863 24.911736504869772
46.760706123977336 70.8656206748867
95.53796395772315 122.66838804853708
16.76211078463862 60.11648562321574
28.911135728128777 70.43606605707427
69.15966211509404 92.91037976143677
58.13946007715344 -170.00551359328932
72.91483754143681 102.19239451302693
56.398756357614985 81.46024892440016
43.40085127038344 64.5771301335966
9.893188712161605 46.798236634226896
72.11873987138294 91.50062647776063
14.902030479088113 33.79588177476418
16.609702831630113 58.840189183435015
71.95969559884918 88.51366508296209
89.71487216794566 69.21122169888316
74.73858285016736 83.88479014880367
64.14153170707176 106.1258218780238
16.207121455455 55.88177544971096
66.00557335999481 90.78461483291117
48.97569325727381 53.84751341417012
49.75298986080992 70.39216027327105
95.93971229248042 59.50866624754498
53.0276772784708 75.01240689609037
17.658696487959237 30.056291479610355
91.23458044130793 106.60418566000922
61.04853982359618 108.002385096143
34.333264150142426 63.6051308186896
92.46931463238403 126.52421032547085
31.292367560240685 62.77501385248224
15.103600557533348 37.185085047827975
55.562202126150254 66.98023368864521
73.26601332960988 104.3708269331436
11.875685413940785 31.406735705643975
49.71272823402558 69.68229349759658
98.70573186745055 125.816034807182
85.88593379200142 111.94013924958654
74.982127139069 88.12940854357356
5.716137970310042 22.844865396623746
56.826146586935046 88.59350314611764
66.23276860513941 94.35545517716565
50.426734217638725 82.59786840448078
78.28481693858946 92.92814243403907
73.06749223588514 103.10582771143166
31.62204330383561 68.47342228189248
49.1524108632307 60.178326415995485
6.009064952486753 28.613885714588484
96.6817102391779 95.00898600319341
64.14318448654815 106.23030449043512
55.595728957165456 67.53860706060559
67.74628405330478 59.74074034654619
77.90796070566012 86.14207372055175
91.71719428192631 112.26431228559896
64.07493986597306 102.92907198335647
54.17997180552769 91.04419374338713
15.14127348146086 37.85415655411318
4.445426268702324 46.76777856683388
80.91776278582505 85.7816250867223
41.527293962032665 81.41382367559031
96.87884108790118 98.31693805715678
92.1238088304705 114.82315084175599
20.170205845224476 71.66537617130275
76.40189571104524 106.1387382260371
51.48765652000464 93.94738080395649
95.34538251578284 117.31708392682323
50.608620820840734 85.16208967651575
71.93591840011358 88.0672237204474
12.025740043149192 34.05694352032784
79.12824078869019 105.29043453847946
62.16278055567267 76.12769275889735
97.09515480373878 102.27098252335416
2.278000863984453 9.42674709107957
5.062384534024689 9.524608425562125
71.15766607451644 74.7309640893869
5.618589998531842 21.05851709015985
96.0562250480222 78.897924353853
48.83662955855211 37.314329682759315
45.68004048626354 30.985399755734512
59.21058235932806 77.36958986223401
84.04273588356827 87.25186529176192
54.27578805734664 91.58552183691847
14.581001203221454 27.937566729706685
36.89327530191966 55.934005513755416
89.23528742645604 118.44799450113749
21.440536601177385 45.51488058663366
16.34303193175146 57.08227344274761
20.516493704998638 -3.6517579419145463
51.67339407181942 108.36052540335908
64.38747854294445 413.9789975515472
31.02960565436842 57.7724175327958
5.831825368521571 25.064109915251656
34.12278135505844 59.62199232500607
70.38557920384261 107.8729059486719
42.213996674361084 96.45960194950099
8.1814634096106 14.747520514647052
94.05788784441431 102.61995362443001
57.1674863952477 92.15747749287381
64.61866816635032 59.318138828243036
73.52732299685741 109.73158633640928
54.94355656728228 224.19348891333738
0.6258325803308096 24.506118447356336
79.68532048339638 109.6668761973379
68.22867914888144 76.59392198541715
26.234909346689285 70.95235489830601
96.86735490269957 98.11519998739246
65.37149654058206 79.21376731635047
99.2754013400337 85.24813977452577
21.600828157655428 48.47329114041425
50.870297965543884 87.77589049489958
29.154764938359335 71.96842706659135
73.71844394497148 136.9128253612058
55.60436876663894 67.67925886805966
49.071744706339516 57.99509416028814
83.58304291592052 77.7070222901938
75.45796689401513 96.86300599966714
14.31073409555964 11.419992983229125
23.938729865768636 36.86244666521617
26.90315686678879 29.018467589458734
12.168464012554715 36.744349557673694
27.888454178659728 54.88561580769389
46.727402892972805 70.24381856492478
40.91842255071655 74.2556099724303
48.17989728082711 88.60546507165516
80.07254253901048 225.2200203095992
15.861114274976106 51.290660138039826
17.226447797626697 141.63855565090094
19.2379925285451 58.39637000937117
95.42109019533775 118.62552515919673
10.558110956560363 52.68654186184759
60.12992705102168 92.61140139711004
21.619385643945222 48.82607923520187
94.08832702623843 103.18783389851785
43.526946827944535 66.819979648788
52.098718660286266 54.89676659125172
40.28480544484575 62.592700881044266
30.175105958293756 41.179711059855414
96.06150967023092 79.3231919499199
82.23678356373063 106.77328721339639
26.590304322351233 100.94460073021628
66.09927024692848 92.3491877361486
65.34801284340762 78.81811153239411
88.04262221935481 104.12412256889064
7.689788677580955 63.97697969973198
2.3407463119407 10.568214298619537
7.3967628135813035 47.08753245070531
16.966240280750778 64.64823886638524
39.12685118816833 103.05880158547629
52.03214255321726 48.83129782571834
56.786632788202716 88.04087010587953
80.66159404691919 81.69233410067807
75.25183544086724 93.17254652155438
91.27744809203287 107.27396859362051
17.349698785762513 -25.534957584506856
35.32366052951657 76.83656942417328
17.491058929762705 20.37582052441841
66.18579357415106 93.68281425940712
48.51156669018513 102.96338063653965
28.604936891446208 67.35712264902855
7.354335825579527 46.47330976022669
83.90385317980399 85.0969040106167
62.62249623512203 84.41654446242805
74.42692232467206 78.95635031984438
26.62172554829647 117.58631537097202
87.9601141015762 102.71079035904671
82.46578648354529 108.30556928174127
87.77882535831111 99.4018078236338
3.787512336106724 36.18690332254522
7.059083997587123 44.02124477956479
59.075438001420856 75.0121521631372
21.442949870992067 45.557989966792015
14.772465595959572 31.682171605167
17.589029406355106 27.321978685319998
56.741735331787716 87.38021840135673
37.15733889696216 60.31636293163889
38.917068470632586 84.44966070320908
64.41963381726985 -210.29964847002648
95.28946243707787 116.67020267489642
19.96902222726401 64.66350139835288
85.39478560310272 108.6233213898103
54.28303978136951 91.62736654592007
0.17078982294441714 15.860444788038095
22.599530842818282 64.01613332825606
42.00029808294426 85.46945656888946
31.31797332769708 63.25537004743561
87.49232033357741 94.08706069217557
61.39080472453175 42.57666946742373
58.12694926099001 -587.8235696455445
65.75307844043853 86.16971902577156
64.22656919866971 114.46654082419606
6.362794125839699 35.54312043294065
6.961274829539866 43.30654174846299
57.14781527753692 92.00898962666591
66.90967803976145 100.07689842330385
83.96160341634211 85.99697474223315
4.334600033907455 42.21345119432292
49.54258081091655 66.83389536978373
3.202723768569715 27.91527761714925
16.483318897226507 58.0492227651379
98.96524048456347 -882.3955412637999
94.80774498777204 113.49355886167804
40.41038641670966 64.85447720728148
97.58516335908737 110.87753636678657
56.78577990631916 88.02863922549834
54.878194255651 129.31324335336788
63.14544013945406 93.1309182312078
51.239224241737126 90.09617620869503
59.06879440772467 74.90026434209494
7.912228182609438 -54.29664799009316
9.168838095134014 34.71235744043635
30.54112837335228 49.430406862547315
43.89321850098978 73.70251402583563
27.44382435184135 47.21324524467984
93.86136343013717 98.94856124860925
10.741685411055412 59.27603953738829
60.983430950130234 103.17516089775422
56.383370907961385 81.17176304291576
35.65227989860893 79.34502116400557
40.97288858658877 75.1558064766564
48.73321119984774 -56.36665522623238
75.20604510634051 92.31633875982888
76.66859110753906 111.52969534431408
15.56765159209126 45.990144000349716
95.94531207965443 61.28636751939702
77.71459561117767 83.0610295555068
37.49565805432502 66.6234018412707
25.597898625648185 65.90861182050448
41.53060736577549 81.43558823961948
75.73315251931962 100.9500250038088
83.42268349365501 64.42901395846202
35.219915253367695 76.17431159575005
31.794027623644904 70.80785576629889
78.7971149850761 101.71272801446916
3.113526165921876 26.164258870269933
66.64797061439224 98.53936024165432
95.63796846969556 131.45914198232208
