23.374628683841635 202.75321682375647
4.115556188959668 190.65180000935445
19.77077465610857 214.94346564470735
80.21240358777273 124.06484921212513
69.6284986038655 227.40578918602733
1.9954007720572986 36.896275391326505
26.842003199053742 93.3720692512452
7.319954384948568 196.28491140281943
93.88150349881077 110.09053757409526
7.349222702833935 195.46612500491293
14.115174751322822 368.3871590930119
82.03926213491646 213.35400168909706
87.31848001752894 89.80826115786695
33.41309231074998 80.39231682442168
92.5807269313048 262.9765186440265
40.561147517252515 86.55837985391025
96.35342004694047 110.20323967215066
79.9298900920484 243.89544257816664
78.12711046438548 97.20553182468893
73.65906405856727 240.66249150160434
33.43662633500472 78.00622385089339
97.37373779133388 160.10764493571034
49.642968108452536 67.31613043910536
27.08369718841971 79.44028159971752
55.75869841103626 71.79372899008949
75.58243286377258 181.888828339954
28.844798097621215 204.13562378869736
28.02877872979659 80.08815304225274
28.012193810989018 77.95545663801902
84.30716746735774 93.09020010830861
14.21265215929386 59.35084629031964
52.63294561527958 69.27468128296287
12.185048882293504 46.62132751968323
7.84657242929887 804.0191020969157
51.91513494044321 95.98890829237958
80.70617427519187 96.8263110615275
57.29297283515196 240.54947987016186
67.29568461389162 237.70668998219992
27.06963002243362 80.89359141972241
83.10280687970405 247.1310166864472
43.781802709357066 99.35321880442751
12.547718545488351 96.3583718638534
47.76008209084585 225.9742057020506
60.8534903685538 242.1588904057993
14.811257542068734 40.175241558444
90.71872367356818 106.37232179016078
84.21665735151035 89.06819088126512
0.3396965614387737 125.85783309579588
40.3844408661151 68.799076388231
24.983164722534536 90.45222001839842
57.95438684794455 231.10399456358635
12.211448384785806 49.30219636721585
69.75075491381328 240.33999630383093
51.445623902599536 234.98346017032435
37.92935180959809 164.18393277585568
60.08857581147474 206.23708518429214
39.695633947987744 85.65913418257287
78.92461045076399 215.6040499228318
82.12886896713421 226.17686776747183
83.74532365772794 107.42498700713537
97.8583521523931 237.31922762657308
38.79643366416431 229.49171739731332
39.766103333735856 78.67819034547286
78.40758510663706 131.59758738583403
22.431850645766193 182.00185941985825
37.212246273677266 64.07594249794103
62.55017250355698 101.7009498502317
6.485777064891895 123.48668994324575
87.72790763456001 121.96519893356809
76.44058239300887 256.5091959039896
30.08322762879071 95.57207550557482
24.069322344112177 63.61921676459817
14.772981797590601 42.51954489284153
79.69068177904545 254.04835695989493
96.94974331445876 105.0111446456322
79.95193254309714 244.72676770308317
29.549271676639023 212.32588460991187
86.27535935767479 253.17372485568995
72.92366709355272 244.88012511479025
16.54814979113538 209.7483070176247
65.32453951309402 77.1406327794018
38.305582791637015 215.98716097186755
5.237195113610249 35.832674877614444
72.00299192285084 110.96120559638315
89.40780039605013 253.1414918442281
53.80799005154291 202.4466011029346
66.60669978726871 238.21526243342325
10.096449375333327 191.6303523938239
36.570430442684575 81.44662999525775
53.617971418318 172.6240034280263
62.60138613625802 108.24360583101044
13.804286050827175 197.18427332478763
40.48092758159086 77.48215172916211
1.8315393524508283 52.54792355902835
9.120006758149945 50.06872208196904
45.773263030906065 109.49754010481074
72.31142593003288 158.16800067741332
8.477139881721474 34.071752564362484
97.41239879881628 166.5149012011475
97.82864454274662 233.35378125699538
50.66062743833377 199.4407683495021
74.37378417634268 97.26906021793964
39.240371291241246 336.5645632691919
83.90809998902257 94.38263241821937
28.49372783009857 154.1870211064951
30.57518503190225 54.1861978838588
54.18807053275226 240.40711404637676
78.1088333625651 95.63321086600345
51.07210713312645 239.37349869627295
30.548056115904497 55.41057467207521
82.78103566564198 258.0958146943585
34.55212592106008 121.89223072070133
86.87582163660612 110.19347394313928
47.1145826668841 131.1075885138229
73.98058428411626 128.6598119700696
25.833500540778342 212.86867207259627
24.005659114148713 69.80577226594484
81.51932162530112 128.92586173431047
94.88766650985283 254.60344509683446
32.35907365800428 227.41321866847818
61.796447247085304 90.60547156885383
36.687071071061986 70.5341545503916
34.007047823413316 57.766422139581664
31.818319579408303 185.7116254743371
90.78217352641556 112.96030209850639
26.093170722965407 221.55111306632
94.58321714184325 216.63169051755756
51.99262009129434 114.90382135781934
17.991009563271408 42.10360792593389
40.76027895485122 114.86046735105428
8.370683433982663 42.62273265971428
99.10814700299757 141.89636075909553
40.825015403854124 125.31502200220262
86.0893045830107 251.22142551068154
88.9736452356497 264.1850680301459
12.102968495525058 39.50736099200629
33.70754693037288 57.351309723002714
79.40111917458263 258.73242171435993
30.055700848615853 97.15310341952518
1.7865214168124144 55.44449935935637
47.24614610640132 153.2522561648321
17.516172290278053 82.62318903377638
12.079417920506764 37.823758331848204
47.969389518719765 238.48139864214693
70.02101228091226 254.04110627886166
88.29502684951221 212.57417055561996
47.87815211776824 234.61676205294592
47.46834889596083 189.65246915694803
91.14852195959082 166.5135296418327
14.118685752142667 411.03342294337295
21.01223770793066 53.11280822504477
6.09672991931236 59.839233997682676
19.63157533552731 211.15039915376468
11.969637718666803 32.196367219155164
84.32111562692064 93.93427798299693
73.92253733497436 118.1154452585151
86.61777218131785 134.69390928548702
17.39960544592175 80.86859665998726
45.90032304129695 98.56710829637997
87.2234242081914 89.53993489825662
62.559976656268866 102.90895513746906
45.39263551581566 222.58288919259826
75.23349841119908 124.9922697687427
1.506629813037419 200.18023860073725
1.1062487720535419 177.35573307908473
87.37418196974829 91.28688664931377
50.12508374995451 112.62764834606759
27.081035103970162 79.71568527675163
71.2340173512078 95.27044113887453
55.92907434865286 71.71752615889567
44.16990721948022 161.980161434683
68.18445196410508 86.36403992344042
92.15445351652856 264.9084460912833
31.150851712745364 80.47347212344455
80.70221414977061 97.1301756431167
16.10029719979824 167.98410633488146
93.80817799859634 103.4049042770232
51.997289669888325 115.08011231338702
5.467775023120924 21.29763179941504
19.670283944263055 212.78877767199376
6.977922591062358 188.02497522214628
33.03659412069343 49.24681241743339
2.9309322821771677 48.90762423761568
24.568170168674275 48.38210457567198
74.67232774887546 82.40417001029975
8.335257450280299 45.93010141994695
70.0381652469533 254.1777396742006
90.297732519049 92.70384340113213
35.334244752493646 226.0324006115018
53.34254280317755 126.56605268201346
92.47824468802317 250.55638384187853
63.037412239385105 177.90926214828184
95.12116536695814 267.4133152275034
2.822717927513585 35.05725967446891
47.83234356435404 231.74066808148183
30.64842126639561 51.94403113350792
85.60027768842912 259.13691120093074
95.01787941194584 263.7383264755853
66.14424499277295 174.03103967217947
56.42611617906529 119.62694050907936
41.712801734078155 234.44323822276658
59.79063204886056 158.14123480241236
24.999036376785387 92.82751790744116
48.10866196877435 239.6052469042541
75.24142296618383 126.15029003437246
31.736829726669157 173.47059703813937
44.21249930689795 169.08337910092433
89.729692141309 137.66343938912814
24.505450405671237 46.24708383649315
48.129494806590436 239.2989868238557
9.230370962398949 64.4132929792969
21.234943636537473 42.45107962560896
46.75797462511632 81.6142048242523
92.30275059990855 258.43578861588367
11.58342937374507 41.622945930046036
66.34309651350408 205.98942993161683
27.200670192722765 67.68256652891299
38.61976930035181 232.62084617972403
42.24597878603217 219.95309976431787
48.8521112005069 112.73720480098342
41.734437643762845 234.8216442639385
8.34685989752878 44.82650041999801
31.712386188382023 169.61617866516997
93.78201321134105 101.38614681912456
74.10325253642257 123.82029376709528
19.286629174524663 178.06255495670788
18.966304577463678 127.13570157895393
37.48497340959977 92.53900727123462
16.215971817416218 183.57253382617586
2.5731974184333595 14.695416534635605
72.7875869387773 231.3450707266336
20.106258087686935 203.80990548633352
26.3834115583759 210.67322896617512
51.525750607878365 230.55245545250392
94.59443556508705 218.3485217855798
20.198371404773695 199.71254009595907
10.37465230787964 202.7251991578193
48.942325178167565 109.99749417023236
9.221296016731973 63.13917498013461
30.61013878293202 52.918591209000304
31.398804640776433 117.22060330665485
3.7322019969890152 171.84030547308677
50.98447085761344 234.69147668068518
47.53055630098601 198.85482579514235
43.9247055878935 120.91242389348017
63.38953459740209 228.664483512357
23.014652327641414 217.52909157907365
37.86456487600495 153.33762248249997
76.87199383668984 254.13644484490754
39.652981075595484 90.06459841951211
51.329323888977996 240.07374099955342
61.65975199971858 103.98598401503241
32.53605761521325 223.2760879968787
50.47323825849246 169.9227726172382
99.8249073860992 95.8097189860922
6.292192588551271 90.5732885765864
6.406344641276496 109.97981994072902
98.34518391336103 269.6627224606841
17.491312599470177 84.0589206935164
32.08000919341233 215.88465884804415
35.29828475843983 224.0616716920244
9.514920305212026 109.93470503632106
39.86405175482167 70.23687567182789
8.9713566302977 35.418616460285776
86.05298467059968 253.24550663161105
43.91421439223835 119.23386149064996
1.0597553627524126 178.8557473893617
47.36801500164307 173.69961841386598
85.18227524153613 215.2857205088202
25.987261227905112 220.43875137401224
43.90861793957309 118.34353540250338
9.925790242316268 173.95360448415494
32.110959931533856 218.29727573282003
87.18444809903623 90.24020455086223
12.913549485087984 157.1035956166433
99.33499467533393 127.62199270146691
22.987967287589594 218.01908305957733
71.9750486591639 107.46232121338957
59.031841475746994 73.00799556903486
26.362373750410427 211.8449737420135
95.20456743889298 268.061850748241
65.51019583604307 85.66760472048418
52.421096316725816 80.23053408887249
59.17654732629507 78.3209613050106
38.465048016287504 228.06821841672706
12.368121640468566 68.66512935933633
38.34638220666974 219.76107288930973
17.90443735473278 47.0931174837725
18.5967958230716 69.34296281391642
75.25905220526167 128.7633521539511
8.310856710387238 48.30698211254238
63.04563546333114 179.27965630136237
41.57728558472942 228.8790309558067
64.68895299761085 117.22808910388893
77.23307518629193 126.62459710030238
77.9310977654956 85.50735614262426
27.4704408727655 49.94418179876332
17.29684759126464 -137.7120121965399
27.062736442921853 81.60303212518347
48.34348015644181 230.5999182212817
77.31402732752066 118.97396004907755
93.70708280819193 96.72965078428147
1.0107429106650745 179.8800597977306
87.547129607742 101.96687810630954
27.212437086163078 66.5815969512684
97.41255183490436 166.54045843053404
34.25132707595397 78.22932166293904
63.26901980788886 213.7005826121453
22.071473408445797 124.41131593995081
51.20767431750377 242.08847221496922
35.972160771640695 215.44548940941888
85.24681187149542 224.64973585379582
59.49857194325139 111.54728682297923
87.39313655236003 92.01240536149577
14.090582498999659 252.15640846402076
59.91979928666219 179.88957909873636
30.908765307421714 57.38011748752012
72.96686773905684 248.12253595687807
12.543639960195584 95.68627398815494
41.978480511807746 230.20956523019004
65.6026697975591 93.74346404931214
81.94930991111703 199.26333781202771
62.39905048944059 86.09674031463724
32.38462548277956 227.31925760121734
33.9079256367218 54.53638630528706
4.311658623702563 184.55829370290715
81.52915095646092 130.36788330908178
73.32203071807204 254.00615220033347
79.7756353472477 249.46640550215994
15.818955965282589 122.38532292844639
6.181499596358863 72.5655986744532
92.2478253361852 261.27849913473125
23.954084929685273 75.08961751987869
70.04282022040668 254.19999664847086
65.90395625832667 133.92424338851478
68.52491685304155 80.602632792952
41.49620845874759 222.95395869134597
24.42679316137182 45.32059642030861
19.93647997036001 212.26180540536603
28.566196457509918 166.02097501959759
35.36307280723131 227.33299752632297
48.1151742997059 239.52210338606875
47.3597588968545 172.34093062007707
86.70528900374563 127.5281796226013
37.109203439211555 58.74761613876439
0.6862096058657952 169.2622977623407
18.96655317676711 127.17801425999394
65.95898876352216 142.83758160592464
47.31262156251247 164.49145017489127
81.6698989641559 152.47717415842675
26.076663671946953 221.59269415294057
91.39973654994793 208.4445658631069
72.02383331892034 113.68100102452871
70.59936497957553 255.20073906799502
23.12300304923958 213.78542710427945
46.35231918939752 64.75179759421103
72.66367701497579 215.2092904484682
67.24762676871995 240.0121233221493
52.917553311725605 75.64274322988012
66.54378703712347 231.98955905403727
50.30245500788184 141.06857774201166
26.38104447528423 210.8043730635689
87.74372785022268 124.07622215822252
57.26508689001311 238.7919936777968
42.0075263987571 228.7769007722723
35.254211053053474 221.12609036499748
88.63289715412486 253.73171816895496
22.462513632437076 186.09981854375357
62.76159967358706 131.8441654142806
31.469709947454515 129.0598422435938
97.85640885220465 237.06533515431875
26.13828856899176 221.0502308848732
26.74548268681235 25.815952626129345
20.74210994373493 78.94279536213782
37.41006327801052 82.88730942480413
32.952681915787984 309.6302625661402
15.60571448148288 87.12008099209561
40.49448662942305 78.90395026948562
6.947720316034333 185.6407854232339
71.72571922283264 85.12463403228574
30.65675070404872 51.79053986434476
10.477922664281348 201.1361994040043
81.00207264462539 85.96679310617546
53.87837344809683 212.0984366028469
79.34469511982358 256.9147547760867
1.669927146543193 46.539654265625266
0.25940459347576494 112.45642365975179
81.67573038358492 153.43883555967244
98.15402747037226 265.05410608267977
2.8395571225897864 37.03878189064002
1.6881995558835516 51.49434729636357
15.747890109747908 110.32221830589799
87.27549535683701 89.33604948977535
95.4783485886706 258.16049069394563
89.84237151870931 129.63631383671375
6.384600619306402 106.26100265379111
62.13620768674852 74.72382240676568
95.61616873143738 252.2009413871975
23.805265145999332 89.14637118163316
37.79980630586899 142.35294368857336
98.70812158784943 255.16983344334815
71.12962415425275 105.14092273559307
87.2378236882393 89.39915944500525
88.20861189425521 198.7770391745326
62.56964709370586 104.12159375728022
38.92135418521576 223.30715927072694
70.28842107227264 247.45685898164652
11.218379882930673 75.18683525425521
59.24999369810089 83.47087499576674
71.20190955764546 98.12974931198461
40.60826497873848 92.58608538355593
80.51015955943967 115.10084860199592
7.113732942969165 195.44200089459164
96.32348453335433 112.93542945768044
5.957116585955024 41.8593936803897
40.228006087594125 60.54130832776159
82.19992021793875 235.23040832225516
77.94540758351211 85.96295735778506
86.38807398407454 1067.3668884820167
62.155262583885765 74.82398118026822
60.63310672799413 248.39571054701054
28.57215372241354 166.97052719241827
58.557535786150815 97.90893981254551
85.4749271846316 250.68723267166556
63.362598764450006 225.60564237056337
82.03978583200644 213.43285674477247
96.48625169244536 100.29219072033034
96.65063118863492 94.42796472562476
1.2340035899188861 171.3608957567851
56.77417190668551 177.16537971442227
93.64409983406532 94.14887500685758
33.62397190515778 61.973709954924026
53.64881450230234 177.73022295592875
16.4629204950984 206.03560430577454
15.079622696661 35.55244661144747
67.90166172877315 112.16802841897312
36.64686410443328 74.05700078708897
76.35471027640538 257.8716409209258
34.33259498188133 88.45448739923226
61.38808904080463 118.5173982478934
36.01558717751012 221.60794579358148
82.52941844862224 260.13628097932167
53.821647197616244 204.3927823556595
56.0989252401581 80.64875276856559
7.344817030929329 195.60247605666333
53.68225459897648 183.17728240507256
25.29065138047195 140.82394120340592
92.95874545829844 133.62504794751044
84.76440605203662 146.54388577783976
15.857197018891501 128.8931301611674
74.62122392926665 83.17582028495112
56.43351324850542 120.75691268379671
86.99045798892008 100.17409764773016
54.513612290625616 240.65910376064173
63.063167805266616 182.1863141629513
21.362541660563494 42.933515096102
23.31509133813643 203.8894864675609
37.71186661157976 127.52016353114543
0.28684024574058276 117.1304160034152
23.244120631698838 207.3911357448257
0.6662506534350632 167.58378175947595
0.022506368098818008 69.23079832589646
34.935132304756586 184.81936345651354
39.11062930804788 217.8142218757436
72.85097835014915 238.25109260817607
22.163284358772962 140.00427745312942
18.45327197657072 53.2561669541804
45.37719615313313 221.95875598837102
77.28198550099883 122.17838247363159
85.77185446706359 263.1313465108908
95.56185909754895 253.77552835439803
33.77118202752708 55.1375241096163
78.56384189745938 156.61978370433906
16.25518631523456 188.20442930567336
25.556534717550207 182.87168273037133
51.78424440531065 276.1779444542608
8.9063856265161 30.967824331206415
16.801275953065808 208.35377764011906
44.66464190239995 227.5174382765879
80.04783161642443 278.8835455214186
49.64559241827801 67.38383267948421
17.791342015220135 56.25217211051381
85.42182870028385 245.76915104840117
70.16339986267302 252.67216902690967
58.05895931036416 268.25918832590247
1.917999405677251 44.66923949771514
66.56390318306941 234.09271026280055
5.4465897662655856 22.056740360474837
26.792956218670206 81.4763611822435
71.90820874410214 99.83473256395696
41.751533577098755 235.02249789086932
5.222329773544743 37.17108718772829
96.1433537016564 131.15046371889102
61.15341037156258 241.14460400412145
77.56232851033019 95.23288328770958
87.29674293510885 89.49669611761465
38.9797246080505 220.09702523244226
95.81412146608997 1321.057651409806
98.75342736599264 253.84117462079868
9.207298461509827 61.20482951520938
65.03038511309812 85.27767135132353
69.4444669479114 201.78740377389715
19.54799567271519 206.08965768942053
18.666157129546825 78.78405152386244
94.6856799399782 231.56529764573813
73.75159416340114 263.5667172116737
74.45998528619873 90.5948553371502
43.92012295394504 120.17771548308036
15.706686106549794 103.4209890285054
4.6229795846596815 191.21692099271917
63.57674965008806 244.62679431374877
90.13230989992628 101.8236082627159
73.16229762241372 255.89445803445858
1.337883194052114 166.65932919344047
50.407062502057684 158.77871047930094
31.432365269016373 122.7862266425711
89.52088148020039 541.515046686452
2.6574265388517593 19.556544248473315
48.32226900312415 231.77511719582765
96.50190364086198 99.4044620558149
51.28853518502514 241.1818137892433
13.049231271287287 176.30290765203875
3.141869803925046 81.77105288679832
29.21320071643664 224.57874804113624
34.852000699880314 172.0246982581803
56.06651736777768 78.26894922837849
93.97828887632458 121.05220655570292
96.51656703579438 98.63231687121076
62.89806849111883 154.36100186813582
68.95873821911881 122.52308493488134
14.894776869652482 36.43123081379928
23.561545067228764 12653.77146414205
87.32805509648992 89.99281002370171
85.74402689703548 263.07614349243795
1.744468310690761 56.400878617247564
7.380496093617928 194.37244620013132
60.262279572808474 228.22229268821053
69.93266517958978 251.95218665533665
77.78893319594862 84.48077362839553
27.957370562835703 71.346830869619
83.79012592087633 103.30687117584729
44.50679330477173 211.987851877751
3.0851100504255213 72.37848787489335
15.10448930012388 36.249793656976756
85.20051539306026 218.00293526675074
67.80908810136218 121.02278546895701
54.4805470374802 241.91363611628645
92.35167562471125 255.70069463690237
14.369570692898037 79.01195826328913
60.439855315176004 242.90444558628752
62.36297221366418 83.28986517477736
45.763929180058504 109.96676074758412
3.578833664959502 153.08668965876782
18.192497579460778 38.84692686919594
6.142170235901667 66.52025972942583
59.74218964059198 149.9436902228449
25.015447902549525 95.32400713204122
67.94158977881266 108.0295893185617
34.5745941307289 125.6275026065075
46.468893418121425 64.39143102530623
71.17716103908187 100.45134113506478
13.363579773464062 204.0785950023965
3.0492121276065376 66.60819648417568
30.277898425306805 76.95500054135073
61.340472187731265 102.61284464578574
12.027726476128874 34.71202755643126
41.830830366370286 234.85023048136864
17.598235725907184 75.57634868827077
60.29681910536932 231.75520769110028
4.99066688449068 59.86059626063882
31.868562702130976 192.69678261450778
55.82934785164717 70.6654109442293
13.152458132215461 188.32693294876108
7.774502844566555 203.09633304631575
31.068941236949165 70.92705878905707
51.91115932726548 93.26359658679443
62.19714462119577 75.44609679689768
42.99453701063931 73.53978907585073
11.016337495795913 -110.92177110344439
97.56990536053326 193.11245979056633
72.78368759985844 230.88822012920974
38.18769007553745 202.69794061948554
91.05364344520984 150.86687476250268
84.4632589340015 105.76492240642614
99.02091280033424 107.4702935044068
70.74572158601204 91.03160553953894
52.98150898416098 80.4955181923704
4.186766523534735 189.46170463223365
4.945174468868963 63.317661282695106
8.758202667008652 25.671720842763566
92.7760110147065 129.90161690676422
74.26041294533387 108.08180347862012
61.80228728982692 90.09200173808225
47.70666239176901 220.78948192752932
10.69940534860775 190.69332604677322
70.88793176991544 126.87945034540607
75.34669212554913 142.4096387924922
71.16351791700455 101.76934896594034
99.5896611141062 104.30941113671753
64.77489440952479 108.70711115775751
86.10319291166023 250.4774370270249
66.96195898642992 252.02607799039473
38.99757634358173 219.1977120008039
37.29989994966395 71.10270006115384
19.014009892178485 135.24047501401597
63.00113604453353 171.82045698218684
4.487625320116074 176.02866690882007
11.041826285694544 17.73617535715212
82.25938332799399 241.91765369300566
27.492270541254193 49.34803629182698
99.85790429802024 95.94315012826978
26.006219725983748 220.88134101380308
4.613112740573378 187.10350004908904
56.06710667744235 78.30946074757915
63.653695360507726 248.2600785415226
75.48187109683658 164.87206371070516
48.48182438216758 224.19417747442395
41.3583817816115 208.77737864739635
85.30938576766128 232.9883874312963
43.03234771528482 70.71874714030723
39.32473341220623 62.73939026431534
20.185614334515122 200.08209101939525
20.058117383605467 206.47880866605763
55.49185269974818 88.43528359702356
58.755981759816144 80.68906538961129
85.11328471800822 204.57951867871185
53.56343677879677 163.4603839212465
95.16509808076198 268.00837921908004
48.74667145723177 65.32461146695988
75.16502533229959 115.45900694542115
32.36087898293141 227.41266983128216
37.27167671897619 68.60037566768784
88.88065438026888 264.7238347674626
66.94035472842573 252.24300355886828
87.23969749162107 89.3855628135573
65.65182161723614 98.97330335930687
64.60543474398992 123.03613308757728
58.549244629745075 98.75428425119125
27.036756816137032 84.24453733168164
67.46050378005815 254.78830099669563
57.79794436671547 235.41194185488854
84.88496562545988 166.47017943564396
5.987256740199487 45.3739008331634
45.58050663203675 -19.24610922636559
99.32697670464285 128.4535610782107
99.44045278301039 116.87597475892616
60.391464358896265 239.78549016041097
22.001215016782204 112.56995643456446
34.913464515315894 181.57952636520872
53.41250306408607 137.9805141517068
82.34119611757312 249.63503580518028
86.43050089303253 50.8845685055188
7.294512654725982 196.8233613069184
17.64006797937784 71.36239588529003
62.24070595123524 76.6800406708264
33.601422200753284 63.52741505516058
98.45662086610002 267.5414738745775
22.012273090516477 114.41785669519649
95.49218917387853 257.3820757764232
36.0657611997104 249.72294232377243
46.15140232551066 74.71424977793626
30.53454903539713 56.096240779483566
31.800443426522683 183.11598760818333
6.737655494076488 162.44565648113576
18.33523446223121 44.17879536032184
78.66415126185903 173.5605745430395
51.29455873411185 241.04420842688603
73.09635924882456 254.55174031078593
45.993540959214506 88.96179465196208
39.632757265219865 92.1568659871919
89.94421467073259 119.24556950867566
40.93093683797685 143.0809317451379
78.84502366941477 203.47717157691787
40.32762205376089 64.93565391612222
99.50607388253908 110.82088140176293
42.141279399711266 221.56300073529965
13.379136438258044 204.72388697029967
66.54404732363469 232.01742907140448
11.58945651774287 41.162355820528134
32.01455506585374 209.9069325536574
32.95393717165147 315.05969763136466
69.55985172446447 218.5982203200859
46.08061140793048 80.58440670483395
17.623187576335543 73.0849686982878
25.48819178815471 172.90333498113168
63.06087729220966 181.80782655949997
23.55048586052507 586.6749764858047
53.891250739609745 213.75665611061717
4.096942975099315 190.73654948401156
88.59842614201746 250.78101421416085
70.93858817850828 123.87462790634905
26.552092101301316 207.33418119825518
53.954035297935974 221.31061367002343
94.65084919737507 226.68911601834554
23.935573290759528 77.00398910639734
49.07126645203608 97.82287284377514
14.797762107899404 40.95895496455252
50.3410805773987 147.5851786233016
49.27989425251691 77.99683598065039
53.499231803201376 152.57186693848817
60.29596974593474 231.67205477036583
52.4808063911413 75.94989683553051
6.030290098954161 50.7583325020543
68.51743460760339 80.34602436584026
91.49729994286979 223.33658274064686
66.81598650827135 250.87858773362495
46.35227068459882 64.75282123958405
58.67249156363884 87.05034783776391
64.35115510718953 285.36062836825516
93.19997545166014 109.65318797751308
91.7499004478146 253.31467625176617
19.494024780076234 201.74627040737795
85.98493138096444 256.9454075363685
53.508780806978464 154.19201384650148
61.91439425488869 81.6272053679277
71.15212480810546 102.88839541123428
83.46267762158227 133.69248099949772
34.57855608043948 126.28957301280941
25.08950497644382 107.03118217545334
63.0711269791024 183.49835506514552
70.7798290734949 115.8250240065104
9.823332897504677 160.09682638528
86.13727574862378 248.82137044322133
92.52479119610636 251.9380089140572
24.668092352872506 54.29358718984138
90.84965300937094 121.0529528533622
44.62135165857634 223.91887622546835
10.454242685289383 201.747547447248
69.1155915500735 147.2270716797974
52.85255844913125 71.96211744856153
49.97445753947536 92.17990073649406
0.6885371576603072 169.45054576641803
16.565424385878067 210.23452966081607
81.26885743217397 98.97881873130427
14.263443535595876 77.8208792088246
25.023579915077388 96.57548126344228
58.72276779793081 83.03227469495712
63.26141932336702 212.65392783775204
48.04751484130478 239.80763216270793
39.6126333355195 94.21802864296981
96.9547481983467 105.41972393933702
45.79283027773668 108.2806010164357
60.907768444727736 239.23170711641728
65.49045108662595 84.2602487000793
92.36674819222162 254.86233852701412
37.477510324139516 91.52466256963237
83.71083085045599 110.79622469211931
98.20047048051468 267.1791289317973
22.117917463849622 132.30880806202546
20.678068405833862 84.73194692623379
42.2955733504405 225.87308733370412
42.545681922228326 106.33138987975667
54.13465125680178 237.41776150535597
62.35905641724192 83.00804508926518
85.00697143936807 187.10982084490314
62.74136200920542 128.65007821431703
17.86377696094451 50.07785596300028
57.15710007454435 229.88804428559126
34.61438963457641 132.3146259536163
96.85192719914603 98.50561709524548
97.13692469191867 124.81700605062657
2.3427478111432642 12.68267997338133
96.8360454063858 97.72257771026538
65.24639848852476 76.77545947027434
53.80902977760722 202.59592913493685
1.7665754486899887 56.18675314333089
3.357297526686709 118.5198537043947
91.94767414099572 264.9963739559589
33.34145444740633 87.78581963286594
6.162439578813661 69.60781330402511
90.84393840733458 120.32734599024734
18.230760463606366 39.649801892669714
50.71675212467589 207.2778943668013
53.29159419021229 118.58595234774566
92.64523348883223 358.72109636451273
22.9192378069218 218.38351321560998
69.93880315004402 252.17303851838102
25.274628647924015 138.10653798448516
14.108952650689444 319.21326060217154
77.08762239686062 126.53679294309185
18.627059052434035 73.34464488946627
84.07698623655267 87.90431584742487
68.43806674582015 78.70979474095026
79.88318106055759 244.29859196248276
50.17024736614207 119.53321505222777
95.31013284299512 266.10471132075844
3.6733613924644692 165.28974826486512
55.43571487134897 93.83628325588707
47.13639712840762 134.72508618639978
60.39593058245796 240.1020022818955
28.929173363198156 212.26647775767069
35.5355254465747 229.93548746477921
67.24615495392997 240.0908721690349
65.01721687126857 86.20349227365395
47.44139671434776 185.48478770531733
16.323340828417553 195.352729231723
32.12196426305276 219.0889803950401
11.836547995583347 30.428365450269464
39.31866492570803 52.36174441042298
6.384717129822482 106.28092629849327
57.48878939698036 246.35102834101724
61.007887536177286 233.97315966749267
54.453109260639145 242.7680040358356
95.86107883692068 73.48322081484632
37.9022119285129 159.66887535554307
71.45901921144511 81.87329823911335
19.189691940483332 163.90262321228963
33.43352040137096 78.31843806792676
57.980157979981925 233.1120218013347
85.62000364026191 260.0446412835463
56.11705910818067 82.11352852502837
33.30082061477566 91.86397408094032
5.960326607126043 42.22320148224277
89.8740456542623 126.49719802399134
52.569833553283196 71.25043195652783
4.872080624432574 65.00029289097716
42.67421695080693 104.17841465371592
92.82179204804129 138.46095703378504
42.264969158958664 221.23270669123227
0.7078690009914457 170.9529684441211
30.651688779595688 51.881300926255356
53.63850247862339 176.03083485597952
5.882226812314717 34.12251203433658
78.32506367602625 119.73208567691388
22.00526902209554 113.2465296555014
9.064312419822041 43.8941277252316
78.5522969739877 154.69444153285798
60.900304547964666 239.64786817986317
63.462040328421395 235.98817242403112
59.148873217059595 76.80092155869154
99.96016056791744 98.53484991964203
47.96978613872758 238.49273357840084
89.68836477894408 137.34234171426363
59.295194613948574 87.41522302744875
40.720296881067966 108.64735001563554
64.47650554884797 100.75116091548674
7.7135291843511755 184.61058687230584
41.75279895332924 235.03394339671746
16.988154681403266 198.90231216615462
18.416210734704606 49.9731351321199
43.14787846585474 64.31722306195307
22.45082936116709 184.5608338735412
2.3121071329809118 13.639973528128557
61.24529708285188 498.01098056436325
64.68397203729583 117.67572398434791
46.574726395477065 67.75857226734067
67.46815332617973 259.6441364140091
1.8373082506754623 52.09189058860484
81.92944824318239 196.02938705996974
53.09767073366275 92.20231590632089
42.39540921208248 478.37073154773685
49.70773265304711 69.619048401998
50.67253784835991 201.15227958943586
91.13580812552847 164.38141889620942
91.062677708463 152.32449290336447
11.378012038530805 60.891644604079104
27.31127299629921 58.33112153649314
43.80235346100062 102.25342650840534
71.25434049214809 93.56090071675075
89.80156221751965 133.32940974060116
49.90896925873051 84.83913060294982
38.88221131713517 225.4539483551872
4.722353204972585 -381.6453543514612
85.0039649135095 186.60465278725826
95.31765872268728 265.8577795266789
91.90013185562084 263.24674312051695
9.124290389979095 50.57520257256814
53.65783650313958 179.2098565049418
29.615264465678017 209.4149593382345
11.053389215116383 37.510175188925615
76.21648017099943 255.6512870817534
91.17753696488242 171.40454158841385
