36.546405127838696 51.224592094385414
45.196161927564106 163.73506999212736
0.4926941518277883 145.3939531753615
30.689553616002073 63.14255934425326
40.30354093434473 90.99334424544341
90.57487443578455 123.38485255005602
54.94564217089595 269.141394492866
39.33021696583273 8.92067633544518
36.6524096248829 51.92712098770702
59.124412490392345 101.01271733854175
18.06257347132395 45.38312542468514
9.129909097321132 89.92331052068904
82.7616745355579 200.40430390021686
94.97989387720278 233.01462982162346
77.82412115370298 96.8992120303818
69.94336162590787 214.11613504100927
22.677050522353305 184.85456655929872
91.30594312788294 217.38459780284495
25.37316799643844 175.7210110115355
93.97949742539735 160.4003437434023
93.18379202910864 87.67918526342449
75.25854394795573 168.26373725260427
39.48145920568228 53.73927032385269
41.11653719385067 192.23668622103196
22.843329748607065 176.7156427571538
36.41293446503142 51.95932980863701
46.38586810433804 74.85653023291225
55.3092700358766 65.69482362592356
92.53666488597055 185.46497342024236
47.46329250965579 201.23710091125412
26.76045836418335 -6.624555991698045
4.762072760902269 -48.52586472071599
71.3782754025804 81.57643938407487
7.8747964843602585 -178.58568856518804
31.3056266278233 141.49331174498155
91.52637956927292 231.9470789955143
41.601587711351264 198.75618723471234
46.78425958503666 121.83654964683109
87.15035721402761 94.31242428924978
19.105980067443262 170.34425073683173
24.808194469988543 105.3499642161408
14.151908804958635 -267.2814060406512
94.24103930866767 196.23240312281564
73.33289061268331 195.4552907862715
68.33411818048978 85.99802565641792
26.5152579652019 138.04011745244588
28.266357773707874 152.165069623283
61.95184545552931 75.71305550767595
26.958549073875048 43.522233072489236
67.20686053716591 176.72856919617385
17.13077084607182 129.82061826639307
72.17457977146141 174.3125173977357
68.2869377233132 82.67860312125535
3.3451233312941975 140.46159507974164
53.34052237321022 164.45551847055975
17.755542997226314 33.00732903817867
83.54942367533702 82.96764930774255
15.363883763289488 92.01547810598021
76.36741173692798 207.16430097042377
31.025514033971902 102.14158284699514
61.82915852368415 70.90232644935853
17.86602621508405 35.054503890757225
62.98800672512412 197.03953915433664
75.83646339024678 224.01229120053955
99.8539323248926 112.19300644615166
43.145355573125585 65.16675682595785
54.04269569676412 211.97364893004556
85.14713517244488 223.69168028747924
12.649898400261927 145.51660321018625
2.845055831029464 76.34007460079667
80.85524707496322 90.08764008943896
85.65862516218496 222.56975164544968
37.57169974395234 144.4973546257262
87.80071344631301 171.85622223747913
12.399677858696235 112.97534186858351
40.25951991778991 85.81060141948201
56.616029660742015 183.3499715949772
22.496931494443285 186.03701323731855
80.90586868641878 93.68783187759306
61.27399930876333 -273.5651553820403
10.051537121452125 170.31367245873867
78.76758550736639 213.04358895084795
7.58922497136899 116.67958353412152
50.158144798924894 156.76730317866082
81.59079973417572 178.5356331906608
80.86826366778423 90.95877546635454
75.86551525303973 224.89763787504577
6.394795120458552 138.3366134741093
6.982733814817532 163.21761974939923
94.97921534164018 233.0426134788273
73.48067702968075 181.3034374547267
63.60305306464622 213.49589082087283
78.00218036733844 115.77034689572702
85.5710139379507 227.3668753217744
64.20651687378974 166.66169406344443
59.72687880936276 181.77084087814495
81.86413510271 210.73183106689373
62.49774410022027 133.26227714517813
55.07122441998544 46.22425507597325
81.78884306439498 203.0336917589363
1.1690008275480723 111.5583580889808
42.70992183502907 56.90865827134523
25.837387377905618 187.44668410355823
17.84665596911702 34.51102059891422
77.5040250736059 79.60381890545263
57.568588794998476 191.0680520252962
84.48233151498307 145.20707546158673
24.802128992077353 104.49637614607764
8.224747177650894 19.69389316265837
99.00384266384071 15.976852676310358
40.693712612254586 144.2923901998367
98.37321697133146 217.66661062692694
40.189356231585506 78.20363262915782
61.373883318998004 57.60056681300747
60.03022780238235 209.85585485444747
58.05309539566165 195.6410277812014
85.54153098492007 228.59209651867948
96.12282146311586 89.56421572169397
67.41174676819044 172.45173556976533
74.28885969340136 76.98209412785376
83.92694375964022 87.80055176613214
19.335751415520708 182.21551048670796
87.73018791455794 161.90813627420331
80.77016214164242 85.34478964913826
97.94733042892283 238.04705747445107
10.059027205304005 170.2003482090396
0.34703045698526447 138.67604864403597
64.96775378096604 72.80002966857016
75.73471164079268 219.1966391992197
35.90794564961476 146.8984434195473
84.84508085426542 194.83925304354648
45.854921036387545 59.25279487550397
27.978051267489 112.40284296673508
62.533980905716504 138.36329138635122
78.80553172043288 216.12592381294024
49.21564060745739 61.4919985833152
14.782179995093047 33.284287836523
31.2598928813701 135.15680845332474
96.8003781318736 119.8655067449921
48.08034854891415 190.2153774765975
74.98550633458332 130.01788543510628
82.12930502184126 227.86661169223123
35.84870238194778 149.99368849682224
88.6402612889758 231.6839915155285
29.40317623508636 158.89280700156408
1.1976718789676988 108.9541110207405
9.65570580096915 155.6331188635164
10.136205350974004 168.20895098357076
83.99312594190351 91.57638715531962
70.38062620954713 175.93499941410698
16.14687089917044 177.1337763811552
41.97201344450987 169.21161683175205
86.65404230397067 84.71046074318642
81.44617251749301 158.3740181090369
42.82481383314991 56.225548374757516
84.47566580496897 144.2770338263998
52.38010307130613 64.1062929420227
24.025822546840615 39.817113415369256
42.817073546483506 56.248020194431135
17.227449810342797 181.18245056841246
12.709704063886019 152.03182387809798
67.51300209513906 281.97445834900793
59.74766708267628 184.24695704311648
54.82147353993737 161.76610976276754
25.18653311713902 156.71297764689646
41.43877645041778 203.3279708693136
5.62289427675714 37.621792562488466
23.821417432114256 40.42690076840672
63.4991973667678 217.44688001660478
83.25210989075251 52522.021164048456
33.43767777995753 48.58535189199203
27.670365786811658 72.41799874014744
64.95677769322882 72.54116658495884
0.14991282254240845 120.92072205252745
61.91174121229699 73.76301855778995
35.335810976061865 192.82210171740468
76.95270377963246 432.11340968750295
4.721884738412441 -469.9388340551193
14.636055960747507 29.31487850144187
79.10493286254126 228.02851949739915
57.67548827117566 180.8111583857603
38.77739162084545 171.89567517030903
1.264946306670267 103.33997750388059
71.35952043237342 80.61210637311179
24.681321299438064 87.97117326403014
13.62299180833083 148.62866913158564
29.48882004912977 150.75367000438243
58.23609945559631 56.63555355573385
86.4596818375549 45.59661698836524
51.232481184932354 191.54339408776093
14.165079281316839 -108.7470845513925
86.72403966452143 84.45957951657877
79.64339186765265 196.39392800537667
94.86858269722525 236.0992391409948
44.45108143113343 204.50712609992092
4.310449144108841 121.5218992692768
70.19456903741461 193.28462288619932
70.85354503574247 72.67459431740866
83.62271156177863 82.46239141054737
35.77644420173601 155.8587197570877
96.01165348159881 88.17039049382308
79.30381076448937 223.15755849614285
96.69350801837713 108.815629856086
8.791147238612297 46.283914848413545
14.177698827717954 -54.39223794240265
64.90750316010528 71.6893681016953
55.20543733893031 65.5919553684701
36.65050780858816 51.89638888473013
63.62452057967766 212.36664444511288
28.587250338140922 184.16634536884243
9.909529677338845 169.69171727170934
88.14458281850848 213.87925649674855
67.37076956433096 168.92128649051568
73.03013186358189 219.08446163185053
96.7363317704167 112.99184822880059
23.1962649128434 145.47709730317496
63.70175534047922 207.50140041240343
98.26481640059282 226.41891975407196
68.05543358445905 73.69800346670668
35.2686589375664 195.76956843345806
67.21737336851854 175.82148305373386
95.30069107392293 209.69740693615552
57.08813874893178 214.5501245191766
26.182372592060542 163.55802513108176
57.933544171589816 162.68347883620106
12.239181441873326 90.15728448846431
71.39986342903761 82.78653171339664
88.14618144417719 214.03160639419676
28.302835065615827 156.70926930625464
94.05800813246712 171.51602465808975
54.92957445831016 219.49592352993233
77.79439560442259 94.33324645799622
50.90353636533589 209.76202791915762
70.40340074226145 174.22589999138785
92.02559633593248 219.87164053970383
23.754414644568346 38.893509412763535
87.76352250075959 166.6267188444189
25.402442512596977 178.05692934654823
92.2930916488205 195.0976684452347
90.6036936977157 126.94415421188597
82.60082849504134 214.82585741986065
46.99974526169556 152.20637396558305
72.31672834109465 192.30354728642158
68.72621991199877 129.55940554252118
84.0709973822156 97.28289163083072
53.027995558627495 120.80873521655798
80.21652307194418 66.6313993490046
55.48259156816475 65.60924992935139
53.35179138435306 165.9496682141119
63.07622416167198 205.09182822845872
35.94898066915888 146.63680562638825
43.41949593596115 90.3677994963486
15.113144368127385 59.70265801299352
99.36289397768518 90.50637051047111
24.61186646375394 79.09515696670239
58.846119646398044 75.749097152401
67.0053644563237 195.9273663637367
60.36530607317355 215.24757645227436
22.751148541145938 181.9978151549953
13.839414079677592 128.65857201428477
46.14858476199486 60.96514895187833
4.035470863923008 146.01565881452944
30.561889833041157 53.72997439757406
62.25286357916022 101.51033895759124
17.63959156672792 33.088597199128436
0.3926514744543197 141.38891818837797
75.34638038127677 180.1609279340537
69.63661032633314 222.27350254747665
73.78478219404991 244.30110810353383
98.83460084658874 190.9392880501461
15.531295569350611 115.77853668148782
98.31839252710525 222.32207469067993
84.8244193654546 192.2772593374571
87.61816222791705 146.09644101670415
65.65202083101795 137.00484790282636
8.367222445862765 20.15538203124166
70.99818187233757 75.72908290379044
21.888821465042984 133.41054755745648
91.47742433452473 229.73459381637622
77.32001485019389 79.09825313114655
31.972525782813545 195.61976434694714
96.36714828632327 89.99441387863578
58.164396968729726 -4.192172970730809
97.20333806194887 173.64859238130003
62.0578167316566 82.63171481826238
22.74299930946262 182.37534162150502
50.17315657417885 158.80982097730865
7.840996258928512 450.5975602444221
99.00103936273484 8.43840059966844
67.90641367601046 73.48416693265878
9.334208508536957 118.7653027614623
89.71859017077402 84.36196907672968
14.563507397238439 28.916020226324356
75.52505365510743 201.57564535005497
4.52036662819586 107.79036141234793
38.32558130250057 200.5217221190561
36.019209921446006 155.4090375835192
77.76798135467281 92.20999182575302
90.31570035803126 97.66088078964663
80.9404904203543 96.47325238082108
21.538133668389737 84.49166216910363
53.00568363873719 117.75594283820429
2.253093712641796 11.575491734257046
43.422692838277236 90.74321084393185
10.169248479079751 166.91141247753356
35.10789076863796 198.30652541213388
60.82497116110305 182.08214317167884
26.203486012596965 161.54536095355155
37.96682303901736 189.122666225788
37.54637621676393 140.9794373774633
54.45329893906921 186.50713949807601
0.39578973376496185 141.55534175614778
79.35779530359697 220.20886430647772
84.80557202569099 189.892212224881
86.90653836062812 84.4462505952035
91.12084167569489 197.2750873398482
4.056149914840235 144.46728258415482
42.14043383766584 154.4536840437466
73.47404789033733 181.89946244413733
6.984797193249737 163.15081813775356
63.42207814509694 218.65030599711383
8.849670915899155 52.80167117103994
71.4550023090969 86.35909817207809
96.72695498901228 112.04737663022883
60.10419375425915 213.55922134626599
83.64399407673845 82.3372047718536
44.86241075102334 193.930222032991
29.454761207586564 153.91892744293082
51.97016135123809 56.23329659018677
32.99931683519996 -305.05026251672194
26.527990411037862 138.2821574200911
62.98808028697221 197.0469157693089
74.02440746317089 76.40374301586726
53.59904095831517 194.32766256713805
3.8301392301754777 156.72291885997535
14.339133489953937 28.441014505423276
51.612122782868234 158.9415573271288
14.591242420874906 28.96590552475771
74.76769189585887 103.4274932208304
94.00071271963635 163.4088674341332
84.21027804732742 110.62662253179585
52.999658690979686 116.93807406065966
25.38698919085305 176.8479921150899
93.45529013990715 99.15306166371359
0.4929527251621879 145.40080301740065
85.22824804594187 227.9942403537302
91.45281124887312 228.3929297129024
64.87235963991282 71.37197147227005
99.31065394627602 90.82526551188926
33.56634033775461 50.50732268046915
58.29834577851234 65.71604907938152
26.47353257046554 138.7702798041663
93.60216697107377 112.14144510586492
68.54712851740487 106.67473485814156
8.076515412244568 19.609089506073104
10.589449996215183 133.70686748204346
35.7575282364123 157.58870173578867
2.5158742945651014 33.32909679220663
16.44341705312724 175.9664636025558
11.672588447666232 30.46597248324256
85.51797754325953 229.42167240328294
5.803738860868302 58.75969605943501
76.50438205676109 194.36402789704064
64.71040023577645 71.94247447586898
93.85783574355722 143.38509109597055
62.57135566488719 143.65907650573772
4.522995827191789 107.80696556705645
19.692231469835452 173.93321575148732
82.64336921978554 211.31129245551173
18.063916916459167 45.483851024299895
97.17146754507688 169.14874484535187
75.5101845444521 199.9831507966646
41.11403157349306 192.0484491211069
90.71567409251578 141.67214592302474
78.10081491548748 128.29702104644093
81.37144695325419 147.79181509210622
54.89733560662084 182.07939279697285
39.65982684561108 53.86668976279389
28.595004314451778 184.672606341857
84.28150969459625 118.79427449638527
83.14562086417948 187.33539603707408
68.96146427214059 162.63097102576847
12.225764571991093 88.2670834751636
79.18812533367326 227.19848123562176
82.41220320002365 226.39318664234082
58.50395118740425 67.4108689243745
85.13510347801227 222.914717205608
61.69697444387362 69.29307637190865
30.328670996022733 45.989344283120246
77.36440316913608 78.8178492508797
24.16782540698813 42.525688063797716
86.43610778636659 5.909029235778149
69.15106168184477 187.57335391533297
83.35164186878015 65.95647455487219
67.08125932043377 188.63785545772504
29.861601345985388 -214.84691217472943
86.43224363566128 -5.535044309227317
68.17970275216312 77.01622023151862
57.96595501625769 164.07989605666413
95.93868827896254 79.16462462068081
39.25604857532352 461.06769336111046
71.2439254981665 76.43952261996425
48.45524941134829 157.337865463872
30.257165274814557 45.795589101730585
20.35926398331901 170.41908729714413
29.872457362183937 -95.4967947700521
33.89944528842946 72.35396931333491
83.45795653653511 82.07014752948434
30.59388345169053 55.74906648507294
33.62775759268749 52.660556285544224
10.496175421833332 142.69054369340316
68.01500273141079 73.30539720623443
68.18507605487586 77.23710806409883
54.181108529057234 207.2072255544835
76.80562351120605 174.9204054332925
55.192378335039315 65.28241624377283
80.02221984550808 192.92414433391622
55.28700027317669 65.84582936540704
67.12111505186276 184.74928604281763
15.95224699122676 165.60445470213054
14.35031215026552 28.83398968076234
5.47304427214661 24.6313317866448
83.2387377048024 500.10132078574884
5.181228480020284 13.586409915101433
96.38532151815052 90.41340214729195
16.03250486607989 171.4826009801421
33.603368581439156 51.70349617001101
89.46568000596163 210.84386758164737
45.474621074785205 176.79207616770424
44.64423477846796 204.71401358704443
10.037881244208357 170.4831416113986
47.344915019940615 192.52278894319568
93.7942619138133 134.86426336956677
47.88466530195157 203.46086494178584
33.50349269292057 49.15978329721392
77.83382802943068 97.77661038724041
2.480218630830777 29.549957207895357
81.2780122024314 134.83409804443733
82.22941331830287 229.72442494967856
66.23839084079336 208.68150890640095
33.72606890165609 57.902184142626254
89.53717954318434 -2664.576287511453
11.85373929483996 43.383624811085596
76.08351173889554 224.4787817218903
21.252022726408192 52.756431611773465
4.28928942266632 123.52972473263306
5.040199785354671 13.803457534244139
30.532289559157334 52.07019031572881
67.56807447332133 -94.38117900338206
44.844082214323855 195.2259136778854
79.72525237311334 188.45721122215
75.98927036037881 226.1789025024508
91.72403299468745 234.51230155658976
29.994619192903492 41.31654640275637
98.40985729154849 214.34331341145082
3.59662796712118 156.4220851096226
53.80556801692453 208.73624306448585
3.9110332699033634 153.60980538102535
51.487232731290945 167.54403795882382
76.40307117336397 203.99459220821365
3.2708196655247934 133.00749774246344
80.93675587184059 96.16047091993896
23.961711987236058 39.789712290428994
19.35145933247535 182.53252156254274
78.29146230253438 154.7554685640956
64.3608403959802 240.8700286897697
95.45253708785107 195.04777661234243
76.47666938272536 197.0589739573782
5.905154021997527 72.4325116253412
84.36581056611078 129.38891042063239
22.778331344241565 180.6299314290682
22.68956511586744 184.46466967036397
7.84144110834516 464.20381254982817
7.081603530600233 158.88967701782863
49.30936135002172 63.88599055470676
72.00633723453774 150.85542868796693
31.341768026428507 146.3944927291646
65.74874703439008 150.700129638572
31.80261228200827 191.24074348673284
81.66459601996824 188.24912678161962
3.540264770387924 154.207432121872
79.48457240473508 211.02030805883496
36.098933061923375 269.782099549102
86.73833470933002 84.35192697299465
26.433906711313092 140.85754812392938
2.830394933439895 74.23604634424194
71.95026435230349 142.9140603105423
34.34529452757668 129.9788711004864
7.075822288921508 159.20377898606395
53.95915066518431 212.518238995935
18.996953214559987 160.3800421203188
11.11010519235317 13.07854582494397
27.447196835944034 52.49498688952439
56.85225536546822 205.48019784544363
73.18897414985453 208.445583790866
87.37949198480915 115.39357048598885
70.2615232342349 186.7598263749743
7.276180792132547 144.6372496674823
19.691009427159933 174.01235324238831
54.26225831442682 202.37923300134972
34.40756778071234 138.74858146093226
50.62465901708574 204.60956194903468
98.00422741665345 237.77579631597413
99.73880638196539 102.37408668779916
56.31521012703682 143.42121401323956
18.95502548089627 155.9200900420514
45.972692981679884 58.57033725865511
75.12488078714429 149.4173407822783
86.86467954738609 84.03606775692751
55.74916392849798 76.64350972419737
33.07454554727348 26.731757408114177
74.85429393861051 113.21658830328803
58.685667114111254 68.83068407105182
59.75698100518244 185.33498659905268
56.81063820924327 202.43860728119472
18.21543414309792 59.26222648233622
25.69400423160313 189.77372854724712
86.04412157633239 188.60637032252026
66.48021838043665 220.15713953067925
66.51010051761739 220.52625497910495
66.6722711528969 218.47037889321678
79.62034691921929 198.63527907334975
38.41993629848787 197.99801761706715
69.12620383172941 184.529763886313
25.540419034665696 186.31456856123347
57.018686866597804 213.37773610858108
39.18829758512835 169.90619867888157
1.4559550998348159 105.91355740840184
0.195791931111422 125.8934574535063
99.93804352230843 121.00760362817007
83.94803558380028 88.89484625866201
14.688822747208729 30.21818487263385
59.34715784678165 129.99159145134814
87.38724193464405 116.27768588473243
58.70601873926753 69.38553662440405
41.285507409587964 201.3975060811331
82.12151038228346 227.6113601430342
60.31159269272538 216.35171583605864
15.172285350954306 66.63863181440945
27.438170013882413 51.91173260771569
7.451948486569515 128.0675571931454
11.783187658951654 37.49111290053223
96.628632440259 103.19100448518181
26.05429488223304 174.81339501186653
17.719417696769057 32.840923797609676
97.02579588737797 148.62074569392468
85.7800043655671 213.44634730481135
75.32920569944996 177.8864990511403
33.622409821306775 52.43908380241969
49.940768383349166 126.18752359633686
0.3079212688977262 135.91922471771747
1.6576038771196289 -18.462716174677322
0.27321684226253584 133.1470108583175
16.311126657018427 179.2962883258412
15.197850938848134 69.79493959588564
23.40548780978797 136.0995335872953
63.40596923361217 218.70745641894476
55.84060269681211 84.09154953099414
11.09954942094349 9.703099719209838
75.4689323789211 195.36433098604465
43.12793832051207 64.10017767276221
45.149811621651494 168.08369965208976
66.8385853608581 209.78010563572025
19.243144272052405 179.03222157313388
50.24545575816273 168.35565581272874
88.68018089391079 230.38615138636396
33.77694901734475 61.47777165206226
54.870203621595905 169.8935397623112
37.531682191128745 138.92247933482304
52.65201341057093 77.90697230131266
85.33815012045892 231.12250389602247
53.84395058256859 210.26038049314667
76.9232947419082 238.5915352811973
46.591203799386896 96.30566903680761
3.77379807250231 157.94621682743622
38.38685720873839 199.13431867845662
54.33772739770838 196.74748118969632
87.07209094405385 89.67663391567446
27.069344860458266 43.079587971001615
54.34681819049823 196.00477997507295
45.69906529075355 53.676718109176754
61.770120762816326 69.76915855570036
56.621766480833 184.01284331637535
86.15018364793742 180.74817868333423
25.52268056000032 185.51844974414183
86.92386845632062 84.71528326541838
80.98441864156433 100.36969628594572
37.409057619712705 121.54860927839337
32.413322862526975 174.19745211299238
98.62619147528397 193.7609703469674
57.59182935217968 188.89557669778708
56.96395903317635 211.5608826506572
58.77252391837057 71.84592787090007
22.456829560180267 185.14309737972275
42.67064099810774 56.94129925706804
71.62935700211806 101.93695318855545
8.191962896801275 19.89325271481045
7.171563161499628 153.12004981132347
95.6924937547 189.250892373642
48.55469904094527 158.991011863273
3.133193254828026 116.64643486928719
6.563053590149193 154.02993547431475
88.6038320528726 232.52267783924822
90.84705407185393 160.06353790086
56.27127180298861 137.18482998738787
47.72187959129495 208.03672128360967
42.41280796499769 -3724.169932054756
92.77095470203574 68.61992217363394
88.35418040929788 228.97905669501824
52.45172445637102 66.11608309350983
61.2103044482713 218.91465406667734
56.37472643376229 151.83312779399574
0.5605272468048317 146.57027778834012
90.37572103200608 102.45769850245284
31.4787258877389 163.68437098430502
86.21073385964479 179.45790415663583
13.584568211387015 152.21161191517703
99.58401770320093 93.78923349680255
60.570102127547386 204.79748748421062
13.055756923812167 174.4418623607656
88.19667809646184 218.56974100460468
35.09446878834533 198.21540086264514
47.53305248053004 204.78276741329347
85.74442951830254 216.37836637312176
35.2464792372175 196.50795255552086
21.447501597495556 73.04338159792555
95.63565482936751 184.40394584584732
52.30171119828856 63.127687743900665
21.726755175261903 110.61856985958391
43.21591863125621 70.18585217556529
51.69585208988067 161.1555668231253
35.74613557195817 158.65374709850312
41.92637956222759 173.65395642133166
19.033992140639867 164.04208618393213
91.6898134377116 234.80288502763065
81.64385439187244 185.57659152854046
23.176994214156068 147.2716814516777
54.767762893629566 160.71275983388125
15.182708969560698 67.91478054789832
36.8465837529324 59.23715941796543
53.33892633625901 164.24290219436034
4.361508594921926 116.8396280761196
82.68352202354134 207.76612102319558
5.533996943894193 29.346712284964894
7.7954855226579856 156.5209248482413
32.16585788593592 191.48938218953467
85.7651127995798 214.69680890597533
29.044615169423516 187.6840399179893
17.79583130911726 33.46693845747727
82.77258605103364 199.34515880131931
81.28919950195208 136.35704184915417
56.59440609139041 180.8052582769262
48.90353622734852 60.75120275339121
56.75241116489062 197.5252679371977
16.8726999051769 142.2355608415384
61.62381145658959 69.57521144702518
91.49286741331734 230.4985941968083
62.10824590928563 86.79359232070567
28.141905825082425 135.56084830584632
15.948855659422323 165.32344279260138
42.69755708048073 56.9548161348967
31.561864880123082 172.82644413240385
82.90585322394315 186.59943143418428
12.108176157271933 72.20432236102113
25.05310590821376 139.733153073704
64.77880897765485 71.46255610964859
82.56564883833313 217.51315644754584
30.986284746853364 96.82725856974882
24.230055718129705 45.093838705668475
68.2414425464475 79.95394721340323
55.2531256199641 65.96899740388106
76.04351116702043 225.47674814075157
14.097077113372302 203.1075998955872
51.81146821378185 312.4812725384658
82.33729169670814 228.78246623816227
24.867502041566325 113.75445186741808
93.63700052914461 115.83762355361323
96.30425724361567 89.06949299430032
44.28709855272485 196.7101044827465
80.30542633977711 79.88101461848134
76.76662800242694 174.19807007710597
55.8679811953368 86.65950274942836
11.265386642001939 25.202742092434995
68.7615909285269 134.44158843824636
69.35602202277796 208.67516794457543
87.47373110058743 126.7462528331325
94.2247108150953 194.15272341656367
73.93750589735045 64.4178230482315
53.006875870470616 117.91812676998151
64.36611427168707 257.487897973897
83.12684669053205 182.7367623390396
60.48089654477169 210.4836048858435
8.26236335398528 19.54647975738384
33.24347149124374 49.266049255341656
21.915672312887946 137.04938967863416
80.12942024724939 -142.5376052967442
97.19722930153101 172.78823037146668
0.16222071494219614 122.30324775434933
56.88056200222009 207.31397665652923
23.29422429811118 137.58376712985358
71.22293178784153 75.99874116067329
3.2664904021134977 132.54035541349776
45.47583765991489 177.6420860340138
11.820814387228973 40.50233127263958
65.96392726288468 180.022641219339
44.59803531700929 205.5491763665742
44.595969118454995 205.5737453056429
31.799920468201158 191.1109500559959
98.03502312742131 237.27899499694203
78.71954084677334 208.69287372012593
32.80448928410665 143.89716841693115
37.85888414174945 179.56347167382808
47.44427354692349 200.05992200874906
13.564656393480124 154.01425089688038
77.14824556045112 77.22004175342022
25.176399667714367 155.50496824741325
0.9193186693712607 133.53702520924722
53.068785624955176 126.4725202331494
34.912012910646254 192.28965662506565
92.32241870817822 192.37505616193945
24.066405626062437 40.177111930834585
96.64940238884911 104.89614592238338
70.8203094156245 68.4047410687986
76.21894315800685 218.26143167177037
70.38714479058412 175.42670195895343
73.2206628024187 205.79297400319254
17.169620751409052 136.81961191826326
64.23019110735568 167.02002892077758
0.09400523792467697 114.18782806665958
18.83391691450038 141.42783289445487
96.08240890510721 89.65342969530455
78.05051053906257 121.76192633299489
97.03283611448812 149.5967252662089
6.048827734631734 92.84500158721667
82.63876761961228 211.70425322533413
79.93417770958462 176.1575270616859
52.41424126841445 64.92362678223195
95.37137253412502 202.84225732114794
51.268343699955544 188.3692597994954
90.51542886357848 116.42009660522527
30.621669669484763 57.6899584380773
42.676501124633226 56.96125156612867
46.30473455609874 68.67596098483475
64.79529909015231 71.37090516107685
88.82002181992613 222.9439568739923
51.59160717169444 159.81167037314123
74.91860992586876 121.20292341019577
4.32182650634676 120.45421857980945
90.05457622750478 86.20920190848973
62.63330565511421 152.4407932161621
45.52712589833045 299.13615997238225
59.84564698849911 194.95802297454767
73.06668036133179 217.0819024796464
19.224874732891127 178.14259455216344
30.058165259774793 45.77431804347539
43.89945762722481 155.50800209666394
24.572515756618152 74.34539322524057
3.080238053624973 109.65874094747392
87.61503972217982 145.66142712186732
98.20403263829873 230.4250428123552
59.09396718560856 97.53566553782463
9.936025423177675 170.2107455382867
45.98448632481331 58.55977875739729
17.025252129756787 129.7204796698653
88.55789737936429 233.09696327176755
4.318071214556618 120.80547573271176
45.41128380898362 156.47812223659457
45.337440920851115 154.17192150038835
51.53949246569432 163.17381600706503
35.21885245743842 197.25802317347282
10.503873501083161 141.95446430732707
69.39777372853145 211.92548297825834
53.25426255588831 152.66917898651815
18.517630881456803 97.54352766981881
2.3597058274085203 18.62252793493166
88.75897497199232 226.71809182729652
93.35499884907732 92.97081147643502
78.37694353511006 166.82539124334807
26.117998049343626 169.46315241355995
73.16377339287365 210.44518439550885
17.819223063833377 33.88031897843013
38.69968139958036 179.18540284522348
61.70641433780103 69.30406638761896
44.886452176979056 192.13857044402522
54.45054415488191 186.76765968414708
93.27318703263228 89.63247391709803
65.42890290707895 107.51327423581944
50.417526414362676 188.26867061094725
7.721963605920424 118.20945696708792
17.763846700531836 33.077166838262556
15.824247599875097 153.3309096167009
61.329647855717305 33.62734909580803
88.63713730933924 231.7689885583306
37.67228513583007 157.9798783206341
93.58999371538549 110.90151324647067
82.81361098410939 195.34008204924174
49.74430483581692 99.97736927380791
25.782057913191302 188.96526517336787
40.592493046508196 130.00539415878407
27.12347794291451 42.84655995584847
27.116363120914777 42.859829830262456
59.996241475587006 207.69794311606506
9.991317001536448 170.69676474929878
11.126965159144376 17.034405518364178
68.40134360861751 91.56444949522933
33.75823401776811 60.09548768366706
96.96685537684687 140.5827573578358
82.88518735230055 188.48039197644846
38.3982097695732 198.77434775114182
25.18791217424804 156.87617473112493
85.36042901384043 231.36918018289884
68.71756457377586 128.37765929119882
73.83439788809856 -596.2004652445189
52.68051819138626 80.30981537420415
14.642970372534581 29.401514564630887
32.202350753581044 189.6915924505826
36.23866149630936 38.712418835132866
6.718199181714402 162.7375873636442
50.31865524885619 177.38969343133982
93.40175960385211 95.56856449710882
36.38974635550429 51.94982341573155
49.59573337468757 83.39855349336649
29.353698681082253 163.69762565678116
61.863330983304486 71.89998837749937
12.112945406891251 72.83255530068209
28.253040716901456 150.46368681316181
7.505511026149547 123.13367832333917
44.54280249288626 205.82380249685235
43.88625544079048 153.72222327168427
93.2844377387738 90.00126434404747
11.168222864231414 22.326873477780353
55.23850089816995 65.94613633554245
6.590987263928538 156.03514259522078
93.63372743756338 115.48123393943526
32.88788153963077 156.17632337161035
93.55867046102126 107.84016511265436
40.9368932037864 175.3456358461586
76.15967225518537 221.49894236769046
74.34547712027816 77.51955461025113
11.334205460690928 24.93269650197806
33.269827662255956 49.30076753222012
85.9263570110501 199.86885843772671
91.98103984846054 223.2397558498558
20.010585029900486 146.2522467525009
38.81887576110756 167.86516256065312
54.84381565461638 164.16874655667215
65.04776123530627 75.49303689592654
25.553737422113578 186.85912579665967
56.463515668459316 164.0835517584033
28.942432429578126 191.5389484606834
13.744877950143696 136.90479556686302
94.01036243357741 164.7773597048348
69.77089255290501 221.5722011753284
81.1712902951875 120.90484039613604
66.82391098010756 210.7830197901449
56.8182582186685 203.02561438102748
33.65065177982649 53.68284396371958
85.18796050209896 226.0635343070828
88.3011029988809 226.1408485935146
43.924266077518006 158.8215130036708
28.00924834119254 116.83259393041162
9.488557054258006 138.49559842086248
12.18205323819731 82.17492543018923
36.360562250783566 51.67161427113649
77.23526264028902 79.51947985780994
42.17898826415597 152.36542801388907
30.327415281292947 45.978685293208656
99.52894423697462 92.05176118686776
51.609028709589126 159.05097379929646
74.93797495279645 123.70733347563072
5.7811823020471165 55.86350281514149
22.627874690914464 186.00860269087644
